# Table format: XY
# axis1_unit = s
# axis2_unit = m/s/s
# axis3_unit = m/s/s
# axis1_title = Time
# axis2_title = z'' - 40 km/h - semi-act.
# axis3_title = z'' - 40 km/h - passive
     0.00000000000000e+00      0.00000000000000e+00      0.00000000000000e+00
     1.00000000000000e-02     -1.53987480699151e-01     -7.96530081712367e-01
     1.99999999999999e-02     -5.00513403399680e-01     -1.46019879985820e+00
     2.99999999999999e-02     -9.47890757296000e-01     -1.85664425548953e+00
     4.00000000000001e-02     -1.37839275291796e+00     -1.93696559420935e+00
     5.00000000000004e-02     -1.67846232043717e+00     -1.73307458746115e+00
     6.00000000000007e-02     -9.54134150969952e-01     -5.38859945891512e-01
     7.00000000000010e-02      5.19894535568354e-01      5.98925096789048e-01
     8.00000000000013e-02      1.61962265384687e+00      1.43347808683055e+00
     9.00000000000016e-02      2.16231518599975e+00      1.83318326825452e+00
     1.00000000000002e-01      2.12685067284280e+00      1.79033573188310e+00
     1.10000000000002e-01      8.46418815663432e-01      6.03308579605096e-01
     1.20000000000002e-01     -4.82621721678010e-01     -6.41854111570045e-01
     1.30000000000002e-01      1.01949804130144e-01     -1.63979750357989e+00
     1.40000000000001e-01     -6.14307976537732e-01     -2.19816027443761e+00
     1.50000000000000e-01     -1.37101931648831e+00     -2.26069410826503e+00
     1.59999999999999e-01     -1.81936539989658e+00     -1.10594832018384e+00
     1.69999999999998e-01     -1.05000946331919e+00      2.01240112835353e-01
     1.79999999999996e-01      6.32673740260816e-01      1.33049224445988e+00
     1.89999999999995e-01      1.89172007311571e+00      2.05964223436998e+00
     1.99999999999994e-01      2.51514058326179e+00      2.29901272434811e+00
     2.09999999999993e-01      6.95059571550893e-01      1.29837828606264e+00
     2.19999999999992e-01      7.07523118143587e-01      1.04128269237497e-01
     2.29999999999991e-01     -6.33637514782613e-01     -9.59227301354599e-01
     2.39999999999990e-01      2.75628819811277e-02     -1.66386170235556e+00
     2.49999999999989e-01     -6.38862828053497e-01     -1.90640143116389e+00
     2.59999999999988e-01     -1.17016752038844e+00     -9.19573451103073e-01
     2.69999999999987e-01     -1.34601533158517e+00      2.66054105165748e-01
     2.79999999999985e-01     -1.12501782832011e-01      1.33712400219895e+00
     2.89999999999984e-01      1.06965142887608e+00      2.07056550489359e+00
     2.99999999999983e-01      1.83088856510810e+00      2.36142705382562e+00
     3.09999999999982e-01      3.47478491083474e-01      1.43602983931483e+00
     3.19999999999981e-01      4.70763128271876e-01      3.16044590788600e-01
     3.29999999999980e-01     -4.70530828167257e-01     -6.94084466308980e-01
     3.39999999999979e-01     -6.06389704743517e-02     -1.37819280149853e+00
     3.49999999999978e-01     -5.76367182111370e-01     -1.63503858419537e+00
     3.59999999999977e-01     -9.62227369652003e-01     -6.91217031456289e-01
     3.69999999999976e-01     -9.06695235440624e-01      4.34173643723468e-01
     3.79999999999974e-01      2.20004182807380e-01      1.44097995464198e+00
     3.89999999999973e-01      1.14110103154261e+00      2.11773782950220e+00
     3.99999999999972e-01      1.68104359409537e+00      2.36716039809870e+00
     4.09999999999971e-01      4.51323724113192e-01      1.41828666229770e+00
     4.19999999999970e-01      2.76900679038536e-01      2.90874287250808e-01
     4.29999999999969e-01     -7.20605353302517e-01     -7.15857860991592e-01
     4.39999999999968e-01     -1.61249049451770e-01     -1.39245066215907e+00
     4.49999999999967e-01     -6.92291590269745e-01     -1.64401752108945e+00
     4.59999999999966e-01     -1.05540730383814e+00     -7.01749763707213e-01
     4.69999999999965e-01     -7.53261482706828e-01      4.13160429409508e-01
     4.79999999999963e-01      4.35436361147019e-01      1.40099834822716e+00
     4.89999999999962e-01      1.36397822760121e+00      2.05271512043990e+00
     4.99999999999961e-01      2.39054256420193e-01      2.27450893591412e+00
     5.09999999999960e-01      5.89729250336674e-01      1.29898984560325e+00
     5.19999999999959e-01      3.90176821241975e-01      1.48751240554089e-01
     5.29999999999958e-01     -7.04664292876505e-01     -8.75388391177210e-01
     5.39999999999957e-01     -7.52645423015047e-02     -1.56373155755796e+00
     5.49999999999956e-01     -6.36557840273230e-01     -1.82230530911412e+00
     5.59999999999955e-01     -1.03709212784142e+00     -8.83933247882760e-01
     5.69999999999954e-01     -8.66498207920213e-01      2.28357987649070e-01
     5.79999999999952e-01      3.60169528262562e-01      1.21328268529260e+00
     5.89999999999951e-01      1.34291602290509e+00      1.86080194502475e+00
     5.99999999999950e-01      1.89863253820637e+00      2.07682906256961e+00
     6.09999999999949e-01      5.90291068413699e-01      1.09433263610598e+00
     6.19999999999948e-01      5.12660464575352e-01     -6.32907782408591e-02
     6.29999999999947e-01     -5.86159159853434e-01     -1.09423976983980e+00
     6.39999999999946e-01     -4.96556392116516e-03     -1.78791205594091e+00
     6.49999999999945e-01     -5.50962497686919e-01     -2.04970111748466e+00
     6.59999999999944e-01     -9.52049995088089e-01     -1.11216427895911e+00
     6.69999999999943e-01     -8.62073448880169e-01      1.57574176097785e-03
     6.79999999999941e-01      3.24468589749705e-01      9.89860833361415e-01
     6.89999999999940e-01      1.28774789696952e+00      1.64213572924634e+00
     6.99999999999939e-01      2.18153586872731e-01      1.86379313219408e+00
     7.09999999999938e-01      5.86239459168462e-01      8.87390578692783e-01
     7.19999999999937e-01      5.18505947787680e-01     -2.63910333187272e-01
     7.29999999999936e-01     -5.59121674861045e-01     -1.28835409625432e+00
     7.39999999999935e-01     -1.43215323288411e+00     -1.97522889005513e+00
     7.49999999999934e-01     -5.24092186997610e-01     -2.22972697342136e+00
     7.59999999999933e-01     -9.12729842127816e-01     -1.28418638605847e+00
     7.69999999999932e-01     -7.99336227981179e-01     -1.61557216302993e-01
     7.79999999999930e-01      3.63330889064442e-01      8.36585822185779e-01
     7.89999999999929e-01      1.30235769408511e+00      1.49966689385956e+00
     7.99999999999928e-01      2.51069174812727e-01      1.73296553234803e+00
     8.09999999999927e-01      6.16182315024599e-01      7.68863573638376e-01
     8.19999999999926e-01      5.21259990688870e-01     -3.69677152796710e-01
     8.29999999999925e-01     -5.61923729840676e-01     -1.38108843209072e+00
     8.39999999999924e-01     -1.43499171253479e+00     -2.05480658809059e+00
     8.49999999999923e-01     -5.10663663289966e-01     -2.29612028704503e+00
     8.59999999999922e-01     -8.97483162655629e-01     -1.33741393182941e+00
     8.69999999999921e-01     -7.75126744442834e-01     -2.01646792053982e-01
     8.79999999999919e-01      3.86712864178750e-01      8.09615479684233e-01
     8.89999999999918e-01      1.32320887626215e+00      1.48580487143337e+00
     8.99999999999917e-01      2.72358680908077e-01      1.73219211207333e+00
     9.09999999999916e-01      6.40953889193408e-01      7.81125131380666e-01
     9.19999999999915e-01      5.47398906971981e-01     -3.44494089389214e-01
     9.29999999999914e-01     -5.45292697966143e-01     -1.34317750352472e+00
     9.39999999999913e-01     -1.42677120063524e+00     -2.00445227430982e+00
     9.49999999999912e-01     -4.87909223488506e-01     -2.23369781177555e+00
     9.59999999999911e-01     -8.75224655778457e-01     -1.26337990792998e+00
     9.69999999999909e-01     -7.65429963746614e-01     -1.16523910620649e-01
     9.79999999999908e-01      3.91175498986172e-01      9.05255706855180e-01
     9.89999999999907e-01      1.32530512558555e+00      1.59135764693314e+00
     9.99999999999906e-01      2.84319768972236e-01      1.84703061120186e+00
     1.00999999999991e+00      6.55792826730554e-01      9.04606418660912e-01
     1.01999999999990e+00      5.70694246764817e-01     -2.13028097963290e-01
     1.02999999999990e+00     -5.26040958276657e-01     -1.20440255532955e+00
     1.03999999999990e+00     -1.41253883336375e+00     -1.85906575047550e+00
     1.04999999999990e+00     -4.67594564781927e-01     -2.08242215583732e+00
     1.05999999999990e+00     -8.54152539360655e-01     -1.10696399704955e+00
     1.06999999999990e+00     -7.53167161665055e-01      4.42584029172849e-02
     1.07999999999990e+00      3.96627813332584e-01      1.06960987007009e+00
     1.08999999999990e+00      1.32649273080769e+00      1.75847484207382e+00
     1.09999999999990e+00      2.95562097526269e-01      2.01609532340976e+00
     1.10999999999989e+00      6.67977507353873e-01      1.07480403229407e+00
     1.11999999999989e+00      5.84976975548002e-01     -4.25045880482177e-02
     1.12999999999989e+00     -5.13504920839847e-01     -1.03434727138051e+00
     1.13999999999989e+00     -1.40197532261010e+00     -1.69025623594685e+00
     1.14999999999989e+00     -4.52410328373028e-01     -1.91561702678941e+00
     1.15999999999989e+00     -8.37244413085792e-01     -9.42901469003955e-01
     1.16999999999989e+00     -7.38058060649184e-01      2.04861670609494e-01
     1.17999999999989e+00      4.05779711831107e-01      1.22606010940377e+00
     1.18999999999989e+00      1.33088144930059e+00      1.91010302177493e+00
     1.19999999999988e+00      3.07148990972015e-01      2.16225962126194e+00
     1.20999999999988e+00      6.79474502502446e-01      1.21489284774301e+00
     1.21999999999988e+00      5.93489294208492e-01      9.09306843359744e-02
     1.22999999999988e+00     -5.06416777844872e-01     -9.08106742378414e-01
     1.23999999999988e+00     -1.39571393798989e+00     -1.57171175931903e+00
     1.24999999999988e+00     -4.41538943372593e-01     -1.80522749563316e+00
     1.25999999999988e+00     -8.24862190242284e-01     -8.41081450153946e-01
     1.26999999999988e+00     -7.24637257486343e-01      2.97743237318640e-01
     1.27999999999988e+00      4.15258328758083e-01      1.30968069627222e+00
     1.28999999999987e+00      1.33673862678810e+00      1.98418692734253e+00
     1.29999999999987e+00      3.18381927223611e-01      2.22657816548292e+00
     1.30999999999987e+00      6.92208103703254e-01      1.26926447135769e+00
     1.31999999999987e+00      6.05685235432905e-01      1.35221023764966e-01
     1.32999999999987e+00     -4.98860036647565e-01     -8.73984791565419e-01
     1.33999999999987e+00     -1.39200950461750e+00     -1.54779802726014e+00
     1.34999999999987e+00     -4.31165622093539e-01     -1.79151463976028e+00
     1.35999999999987e+00     -8.14611047129454e-01     -8.37515250957195e-01
     1.36999999999987e+00     -7.18686704354924e-01      2.91263320417649e-01
     1.37999999999986e+00      4.19276801059423e-01      1.29330066882962e+00
     1.38999999999986e+00      1.33981259695884e+00      1.95809709521561e+00
     1.39999999999986e+00      3.25354044053347e-01      2.19101168266838e+00
     1.40999999999986e+00      7.00222391905528e-01      1.22449564248778e+00
     1.41999999999986e+00      6.16104182437583e-01      8.15634129312166e-02
     1.42999999999986e+00     -4.90288664193230e-01     -9.36180395866039e-01
     1.43999999999986e+00     -1.38550602326009e+00     -1.61814575184355e+00
     1.44999999999986e+00     -4.21149487679359e-01     -1.86959574703703e+00
     1.45999999999986e+00     -8.03480358785285e-01     -9.22880430894168e-01
     1.46999999999985e+00     -7.09502773065648e-01      1.99091583828248e-01
     1.47999999999985e+00      4.24227420521300e-01      1.19482564768532e+00
     1.48999999999985e+00      1.34152144622284e+00      1.85384527546493e+00
     1.49999999999985e+00      3.32416214361611e-01      2.08153012554691e+00
     1.50999999999985e+00      7.07085533224718e-01      1.11034925359899e+00
     1.51999999999985e+00      6.20826608722886e-01     -3.66678684810471e-02
     1.52999999999985e+00     -4.86165492407140e-01     -1.05790446775962e+00
     1.53999999999985e+00     -1.38159028758265e+00     -1.74276125629047e+00
     1.54999999999985e+00     -4.15361693049264e-01     -1.99649498809433e+00
     1.55999999999984e+00     -7.97179525414411e-01     -1.05145228019210e+00
     1.56999999999984e+00     -7.02484091396295e-01      6.94588131509450e-02
     1.57999999999984e+00      4.30013372955883e-01      1.06474137340890e+00
     1.58999999999984e+00      1.34602474534079e+00      1.72391387549112e+00
     1.59999999999984e+00      3.39672360557304e-01      1.95234823119649e+00
     1.60999999999984e+00      7.16193824635322e-01      9.82503112835685e-01
     1.61999999999984e+00      6.31485918718571e-01     -1.62604952011086e-01
     1.62999999999984e+00     -4.80038680377757e-01     -1.18137461278797e+00
     1.63999999999984e+00     -1.37954528293620e+00     -1.86322439027477e+00
     1.64999999999983e+00     -4.08195898874517e-01     -2.11343113140865e+00
     1.65999999999983e+00     -7.90840004789158e-01     -1.16436371666659e+00
     1.66999999999983e+00     -7.01818605848334e-01     -3.89545089837206e-02
     1.67999999999983e+00      4.30099831617000e-01      9.61273355514491e-01
     1.68999999999983e+00      1.34657664643347e+00      1.62581037100648e+00
     1.69999999999983e+00      3.42762171824806e-01      1.85999885887032e+00
     1.70999999999983e+00      7.20190002887249e-01      8.96266450430644e-01
     1.71999999999983e+00      6.39196839397123e-01     -2.42402655234253e-01
     1.72999999999983e+00     -4.73076795951112e-01     -1.25444055798089e+00
     1.73999999999982e+00     -1.37392526830356e+00     -1.92930018366905e+00
     1.74999999999982e+00     -4.01250295353330e-01     -2.17229357062666e+00
     1.75999999999982e+00     -7.82988170869261e-01     -1.21582540782537e+00
     1.76999999999982e+00     -6.95557240584853e-01     -8.28643139175136e-02
     1.77999999999982e+00      4.32939619178572e-01      9.25030042344126e-01
     1.78999999999982e+00      1.34682437528026e+00      1.59731151592054e+00
     1.79999999999982e+00      3.47015900950289e-01      1.83928585206098e+00
     1.80999999999982e+00      7.23729202488023e-01      8.83344337229833e-01
     1.81999999999982e+00      6.40061257004089e-01     -2.47564777404554e-01
     1.82999999999981e+00     -4.71595617926571e-01     -1.25190898052525e+00
     1.83999999999981e+00     -1.37152554583419e+00     -1.91917587016018e+00
     1.84999999999981e+00     -3.97934410279963e-01     -2.15471128802700e+00
     1.85999999999981e+00     -7.78467312889357e-01     -1.19095271178923e+00
     1.86999999999981e+00     -6.87884038499080e-01     -5.09003949626817e-02
     1.87999999999981e+00      4.38727115657546e-01      9.63855644550029e-01
     1.88999999999981e+00      1.35043320050950e+00      1.64274032254908e+00
     1.89999999999981e+00      3.52145219676922e-01      1.89103197145832e+00
     1.90999999999981e+00      7.28532895729476e-01      9.41096099358198e-01
     1.91999999999980e+00      6.41246237695684e-01     -1.84143086986234e-01
     1.92999999999980e+00     -4.71405759046070e-01     -1.18317529605566e+00
     1.93999999999980e+00     -1.37159983720205e+00     -1.84550843971535e+00
     1.94999999999980e+00     -3.95481470057586e-01     -2.07650669582035e+00
     1.95999999999980e+00     -7.75547998661004e-01     -1.10862383865327e+00
     1.96999999999980e+00     -6.83580363194333e-01      3.51256728205077e-02
     1.97999999999980e+00      4.42339197733708e-01      1.05313974773325e+00
     1.98999999999980e+00      1.35316156783258e+00      1.73483339229670e+00
     1.99999999999980e+00      3.56465641944349e-01      1.98547721318564e+00
     2.00999999999982e+00      7.34073027188690e-01      1.03743118666707e+00
     2.01999999999984e+00      6.47412023939694e-01     -8.63838185227451e-02
     2.02999999999986e+00     -4.68386096270254e-01     -1.08445866534446e+00
     2.03999999999988e+00     -1.37129538163972e+00     -1.74630025672042e+00
     2.04999999999990e+00     -3.91868521725994e-01     -1.97726962793476e+00
     2.05999999999992e+00     -7.72705974080466e-01     -1.00981531628868e+00
     2.06999999999994e+00     -6.84398165954567e-01      1.33055502278044e-01
     2.07999999999996e+00      4.41860581136161e-01      1.14975000875847e+00
     2.08999999999999e+00      1.35360344236450e+00      1.82969440435112e+00
     2.10000000000001e+00      3.57513094474049e-01      2.07817234001756e+00
     2.11000000000003e+00      7.32904410666607e-01      1.11996066152093e+00
     2.12000000000005e+00      6.43608069798039e-01     -4.67850897060043e-03
     2.13000000000007e+00     -4.68309790226326e-01     -1.00301371205205e+00
     2.14000000000009e+00     -1.36757209205532e+00     -1.66539922890585e+00
     2.15000000000011e+00     -3.90828960495731e-01     -1.89789593917961e+00
     2.16000000000013e+00     -7.67025479694738e-01     -9.25768859572106e-01
     2.17000000000015e+00     -6.66674745154102e-01      2.10568138756452e-01
     2.18000000000018e+00      4.53505638144359e-01      1.21853087461260e+00
     2.19000000000020e+00      1.35803335112218e+00      1.88882215616900e+00
     2.20000000000022e+00      3.65613462196474e-01      2.12792815225609e+00
     2.21000000000024e+00      7.38907284404661e-01      1.16149826165569e+00
     2.22000000000026e+00      6.36079774743448e-01      3.02046965725553e-02
     2.23000000000028e+00     -4.76796145980467e-01     -9.73275192347444e-01
     2.24000000000030e+00     -1.37450162940515e+00     -1.63970893232478e+00
     2.25000000000032e+00     -3.93610461822777e-01     -1.87576191460802e+00
     2.26000000000034e+00     -7.69426604297750e-01     -9.07314450990342e-01
     2.27000000000037e+00     -6.62436528908782e-01      2.24742852486266e-01
     2.28000000000039e+00      4.60012539157578e-01      1.22757737614545e+00
     2.29000000000041e+00      1.36520974761023e+00      1.89189240809226e+00
     2.30000000000043e+00      3.69897531906998e-01      2.12438312991443e+00
     2.31000000000045e+00      7.44648173168068e-01      1.15103567676398e+00
     2.32000000000047e+00      6.42021302789795e-01      1.28915090388541e-02
     2.33000000000049e+00     -4.74916132421551e-01     -9.97055395480012e-01
     2.34000000000051e+00     -1.37603461876998e+00     -1.66936599541949e+00
     2.35000000000053e+00     -3.90944338128528e-01     -1.91063092331771e+00
     2.36000000000056e+00     -7.67957397135369e-01     -9.46775282789871e-01
     2.37000000000058e+00     -6.65704054570596e-01      1.81183089077313e-01
     2.38000000000060e+00      4.57740806650304e-01      1.18025071571869e+00
     2.39000000000062e+00      1.36459262360884e+00      1.84098353410220e+00
     2.40000000000064e+00      3.69582700427615e-01      2.06997782408329e+00
     2.41000000000066e+00      7.45120869965132e-01      1.09318626866568e+00
     2.42000000000068e+00      6.46723006650524e-01     -4.83191871306810e-02
     2.43000000000070e+00     -4.70311579895199e-01     -1.06146638790810e+00
     2.44000000000072e+00     -1.37227187138366e+00     -1.73671493955966e+00
     2.45000000000075e+00     -3.87387755130475e-01     -1.98055658494128e+00
     2.46000000000077e+00     -7.63922821485772e-01     -1.01884067833046e+00
     2.47000000000079e+00     -6.63257958448081e-01      1.07455649868454e-01
     2.48000000000081e+00      4.58026759169553e-01      1.10534255436819e+00
     2.49000000000083e+00      1.36337542009184e+00      1.76534899501093e+00
     2.50000000000085e+00      3.70620401125876e-01      1.99402557124909e+00
     2.51000000000087e+00      7.45220679971720e-01      1.01727418884687e+00
     2.52000000000089e+00      6.44749021980909e-01     -1.23877203277864e-01
     2.53000000000091e+00     -4.70696986247746e-01     -1.13638590888971e+00
     2.54000000000094e+00     -1.37100438365253e+00     -1.81072382423116e+00
     2.55000000000096e+00     -3.86973139546745e-01     -2.05337994500762e+00
     2.56000000000098e+00     -7.62631629378482e-01     -1.09019134840543e+00
     2.57000000000100e+00     -6.58701544481684e-01      3.78796625627723e-02
     2.58000000000102e+00      4.61710856444866e-01      1.03785405714294e+00
     2.59000000000104e+00      1.36572313307561e+00      1.70026289302782e+00
     2.60000000000106e+00      3.73629165779591e-01      1.93164805559346e+00
     2.61000000000108e+00      7.48389516450208e-01      9.57892450800227e-01
     2.62000000000110e+00      6.45775850059829e-01     -1.80002699852522e-01
     2.63000000000113e+00     -4.71229040342583e-01     -1.18902550991899e+00
     2.64000000000115e+00     -1.37246106681925e+00     -1.85967905287800e+00
     2.65000000000117e+00     -3.86559605275863e-01     -2.09848092797388e+00
     2.66000000000119e+00     -7.62852562598902e-01     -1.13129258347339e+00
     2.67000000000121e+00     -6.59930613608029e-01      9.03795794202324e-04
     2.68000000000123e+00      4.61741461176268e-01      1.00511286573942e+00
     2.69000000000125e+00      1.36694186380855e+00      1.67185129359545e+00
     2.70000000000127e+00      3.74015630747357e-01      1.90764666149206e+00
     2.71000000000129e+00      7.49414298984416e-01      9.38366112449097e-01
     2.72000000000132e+00      6.48921941139865e-01     -1.95007289413727e-01
     2.73000000000134e+00     -4.68863074406998e-01     -1.19948240937030e+00
     2.74000000000136e+00     -1.37115386229304e+00     -1.86558520093086e+00
     2.75000000000138e+00     -3.84355948730661e-01     -2.09985734888291e+00
     2.76000000000140e+00     -7.60384361577710e-01     -1.12818448842799e+00
     2.77000000000142e+00     -6.58841852069893e-01      8.42792636263493e-03
     2.78000000000144e+00      4.61374493337023e-01      1.01696293591524e+00
     2.79000000000146e+00      1.36561265757681e+00      1.68791760175121e+00
     2.80000000000148e+00      3.74282060461556e-01      1.92780189332341e+00
     2.81000000000151e+00      7.49064910368793e-01      9.62467034987408e-01
     2.82000000000153e+00      6.47348457116498e-01     -1.67118577744184e-01
     2.83000000000155e+00     -4.69320972179567e-01     -1.16797767362086e+00
     2.84000000000157e+00     -1.37048738233757e+00     -1.83064959410926e+00
     2.85000000000159e+00     -3.84347017806501e-01     -2.06168908368576e+00
     2.86000000000161e+00     -7.59769680849537e-01     -1.08699446230686e+00
     2.87000000000163e+00     -6.56030597290025e-01      5.24167104229913e-02
     2.88000000000165e+00      4.63563220360050e-01      1.06351624357024e+00
     2.89000000000167e+00      1.36688246429822e+00      1.73679115049229e+00
     2.90000000000170e+00      3.76262228809599e-01      1.97874279186995e+00
     2.91000000000172e+00      7.51420193910771e-01      1.01521538236233e+00
     2.92000000000174e+00      6.48739728357379e-01     -1.12828044755409e-01
     2.93000000000176e+00     -4.69457491564750e-01     -1.11241398380768e+00
     2.94000000000178e+00     -1.37169312271464e+00     -1.77408406390216e+00
     2.95000000000180e+00     -3.84006932763990e-01     -2.00439398622089e+00
     2.96000000000182e+00     -7.60082146965199e-01     -1.02924183432310e+00
     2.97000000000184e+00     -6.57736128771755e-01      1.10356160085211e-01
     2.98000000000186e+00      4.63021000367635e-01      1.12137417254613e+00
     2.99000000000189e+00      1.36755773654751e+00      1.79430261495375e+00
     3.00000000000191e+00      3.76272378389815e-01      2.03564730478961e+00
     3.01000000000193e+00      7.52095649517052e-01      1.07125801089881e+00
     3.02000000000195e+00      6.51954148906283e-01     -5.78955500199273e-02
     3.03000000000197e+00     -4.66833568574564e-01     -1.05883205086755e+00
     3.04000000000199e+00     -1.37000063954491e+00     -1.72208418423836e+00
     3.05000000000201e+00     -3.82429777347617e-01     -1.95419765495551e+00
     3.06000000000203e+00     -7.58957312658425e-01     -9.81059571950965e-01
     3.07000000000205e+00     -6.58995856259079e-01      1.56325688172966e-01
     3.08000000000208e+00      4.61815251398426e-01      1.16494493375198e+00
     3.09000000000210e+00      1.36679947071976e+00      1.83530188900209e+00
     3.10000000000212e+00      3.76056964007590e-01      2.07391627590579e+00
     3.11000000000214e+00      7.52043257545241e-01      1.10665228550492e+00
     3.12000000000216e+00      6.53293187226571e-01     -2.55054889289835e-02
     3.13000000000218e+00     -4.65272577727792e-01     -1.02956044579239e+00
     3.14000000000220e+00     -1.36852317091233e+00     -1.69602966014274e+00
     3.15000000000222e+00     -3.81479043414295e-01     -1.93144293446152e+00
     3.16000000000224e+00     -7.58017185293843e-01     -9.61671255394656e-01
     3.17000000000227e+00     -6.58780753046120e-01      1.72297270003853e-01
     3.18000000000229e+00      4.61652420828771e-01      1.17746578726215e+00
     3.19000000000231e+00      1.36641874979098e+00      1.84435434132805e+00
     3.20000000000233e+00      3.76189117721390e-01      2.07949887310182e+00
     3.21000000000235e+00      7.52002117949991e-01      1.10877960733990e+00
     3.22000000000237e+00      6.52910357836473e-01     -2.68030930707504e-02
     3.23000000000239e+00     -4.65380006241425e-01     -1.03423719395067e+00
     3.24000000000241e+00     -1.36837945213113e+00     -1.70402474147743e+00
     3.25000000000243e+00     -3.80753648680222e-01     -1.94268097392879e+00
     3.26000000000246e+00     -7.56342214410856e-01     -9.76062834893605e-01
     3.27000000000248e+00     -6.55424300432393e-01      1.54855037225399e-01
     3.28000000000250e+00      4.63189114094492e-01      1.15708863110094e+00
     3.29000000000252e+00      1.36617565224868e+00      1.82117015981329e+00
     3.30000000000254e+00      3.77097817522175e-01      2.05364700948417e+00
     3.31000000000256e+00      7.51941408464502e-01      1.08041008140451e+00
     3.32000000000258e+00      6.49415607394223e-01     -5.75303964976551e-02
     3.33000000000260e+00     -4.67856133337004e-01     -1.06715337537952e+00
     3.34000000000262e+00     -1.36940101612225e+00     -1.73895277124700e+00
     3.35000000000265e+00     -3.81813305214456e-01     -1.97943660545017e+00
     3.36000000000267e+00     -7.56672681541480e-01     -1.01445554102058e+00
     3.37000000000269e+00     -6.52168630359646e-01      1.15021110275672e-01
     3.38000000000271e+00      4.66216544944268e-01      1.11601369756714e+00
     3.39000000000273e+00      1.36839656818921e+00      1.77905782082969e+00
     3.40000000000275e+00      3.78631854921546e-01      2.01070327660350e+00
     3.41000000000277e+00      7.53141851506462e-01      1.03684240133113e+00
     3.42000000000279e+00      6.48183007246317e-01     -1.01514112039884e-01
     3.43000000000281e+00     -4.69381277306937e-01     -1.11134571078383e+00
     3.44000000000284e+00     -1.37074182172464e+00     -1.78314775526009e+00
     3.45000000000286e+00     -3.82304599540050e-01     -2.02343064250663e+00
     3.46000000000288e+00     -7.57148276027070e-01     -1.05804832158420e+00
     3.47000000000290e+00     -6.51588233123150e-01      7.20257244852422e-02
     3.48000000000292e+00      4.67288903499404e-01      1.07380681752308e+00
     3.49000000000294e+00      1.36968653378458e+00      1.73782470722171e+00
     3.50000000000296e+00      3.79238943918718e-01      1.97062255358765e+00
     3.51000000000298e+00      7.53912630978659e-01      9.98085310347907e-01
     3.52000000000300e+00      6.48959163326785e-01     -1.38784415373525e-01
     3.53000000000302e+00     -4.69079326930722e-01     -1.14697481403571e+00
     3.54000000000305e+00     -1.37084304480347e+00     -1.81699059843241e+00
     3.55000000000307e+00     -3.81995641902518e-01     -2.05535207708153e+00
     3.56000000000309e+00     -7.57081882228217e-01     -1.08792361751207e+00
     3.57000000000311e+00     -6.52275129160719e-01      4.43104254921853e-02
     3.58000000000313e+00      4.66890158444434e-01      1.04835410382114e+00
     3.59000000000315e+00      1.36964283304119e+00      1.71472555540447e+00
     3.60000000000317e+00      3.79135685307889e-01      1.94995604397461e+00
     3.61000000000319e+00      7.53980363883881e-01      9.79918400517992e-01
     3.62000000000321e+00      6.49769243509108e-01     -1.54397058556854e-01
     3.63000000000324e+00     -4.68395953826233e-01     -1.15999092375587e+00
     3.64000000000326e+00     -1.37041095789014e+00     -1.82738035875676e+00
     3.65000000000328e+00     -3.81632140577912e-01     -2.06309811575133e+00
     3.66000000000330e+00     -7.56847080364982e-01     -1.09302094141876e+00
     3.67000000000332e+00     -6.52794578036388e-01      4.18545511418496e-02
     3.68000000000334e+00      4.66329621277050e-01      1.04852033139916e+00
     3.69000000000336e+00      1.36916243736714e+00      1.71748268433174e+00
     3.70000000000338e+00      3.79597524827012e-01      1.95526130206895e+00
     3.71000000000340e+00      7.55290499290909e-01      9.87717775318683e-01
     3.72000000000343e+00      6.52730469402905e-01     -1.44168440583623e-01
     3.73000000000345e+00     -4.66957765520209e-01     -1.14740837241365e+00
     3.74000000000347e+00     -1.37048202998101e+00     -1.81252915218125e+00
     3.75000000000349e+00     -3.80806249655891e-01     -2.04607299197528e+00
     3.76000000000351e+00     -7.56823422570306e-01     -1.07392555223860e+00
     3.77000000000353e+00     -6.55623934703481e-01      6.29082210486746e-02
     3.78000000000355e+00      4.64363989428063e-01      1.07141257702371e+00
     3.79000000000357e+00      1.36844098395585e+00      1.74208672135181e+00
     3.80000000000359e+00      3.78106507533085e-01      1.98144393304146e+00
     3.81000000000362e+00      7.53597672685145e-01      1.01534007767470e+00
     3.82000000000364e+00      6.52810537470872e-01     -1.15250408171148e-01
     3.83000000000366e+00     -4.65430126019500e-01     -1.11734284875973e+00
     3.84000000000368e+00     -1.36809710250574e+00     -1.78146794091089e+00
     3.85000000000370e+00     -3.80096987115336e-01     -2.01417072094074e+00
     3.86000000000372e+00     -7.55561212890873e-01     -1.04133892852908e+00
     3.87000000000374e+00     -6.53632945945113e-01      9.60211570282163e-02
     3.88000000000376e+00      4.65115470420240e-01      1.10489319496265e+00
     3.89000000000378e+00      1.36800848354039e+00      1.77577653854035e+00
     3.90000000000381e+00      3.79289319150110e-01      2.01518534264527e+00
     3.91000000000383e+00      7.54935912591673e-01      1.04897706452871e+00
     3.92000000000385e+00      6.53115832591257e-01     -8.18715674048793e-02
     3.93000000000387e+00     -4.66068506803285e-01     -1.08437290411669e+00
     3.94000000000389e+00     -1.36931285707113e+00     -1.74905400925613e+00
     3.95000000000391e+00     -3.80251495682681e-01     -1.98245565049852e+00
     3.96000000000393e+00     -7.56081634714739e-01     -1.01046069045460e+00
     3.97000000000395e+00     -6.54691092191812e-01      1.25930047547146e-01
     3.98000000000397e+00      4.64847137091275e-01      1.13370622575154e+00
     3.99000000000400e+00      1.36850523942841e+00      1.80337371348321e+00
     4.00000000000402e+00      3.78515424246947e-01      2.04145365876207e+00
     4.01000000000399e+00      7.53760125261511e-01      1.07381095130615e+00
     4.02000000000397e+00      6.52114760625268e-01     -5.85698480142573e-02
     4.03000000000395e+00     -4.65885162466377e-01     -1.06269289841319e+00
     4.04000000000392e+00     -1.36822199510942e+00     -1.72907675441221e+00
     4.05000000000390e+00     -3.80213554657731e-01     -1.96425340005521e+00
     4.06000000000388e+00     -7.55527449919539e-01     -9.94096683462477e-01
     4.07000000000385e+00     -6.52890180258645e-01      1.40401773184940e-01
     4.08000000000383e+00      4.65768355522072e-01      1.14624097538719e+00
     4.09000000000381e+00      1.36844231175356e+00      1.81393623314559e+00
     4.10000000000378e+00      3.79632110655778e-01      2.05001818796173e+00
     4.11000000000376e+00      7.55165474715261e-01      1.08036123149898e+00
     4.12000000000374e+00      6.52633247567094e-01     -5.40406088285181e-02
     4.13000000000371e+00     -4.66619147217869e-01     -1.06018210428506e+00
     4.14000000000369e+00     -1.36981657098209e+00     -1.72857254236560e+00
     4.15000000000367e+00     -3.80515750636996e-01     -1.96573480229127e+00
     4.16000000000364e+00     -7.56356706283049e-01     -9.97533829617879e-01
     4.17000000000362e+00     -6.54787199184328e-01      1.35047415121453e-01
     4.18000000000360e+00      4.64849913381356e-01      1.13901632105826e+00
     4.19000000000357e+00      1.36853975125818e+00      1.80489626841964e+00
     4.20000000000355e+00      3.79142620337788e-01      2.03922562199250e+00
     4.21000000000353e+00      7.55242422169334e-01      1.06788611823744e+00
     4.22000000000350e+00      6.54878041644096e-01     -6.81212785603677e-02
     4.23000000000348e+00     -4.64852597936250e-01     -1.07578483793772e+00
     4.24000000000346e+00     -1.36880412918702e+00     -1.74560780570264e+00
     4.25000000000343e+00     -3.79629099497282e-01     -1.98410750191876e+00
     4.26000000000341e+00     -7.55819771064476e-01     -1.01714381551914e+00
     4.27000000000339e+00     -6.56086012238409e-01      1.14304829592932e-01
     4.28000000000336e+00      4.63626995432401e-01      1.11724982432536e+00
     4.29000000000334e+00      1.36771580834897e+00      1.78221800360372e+00
     4.30000000000332e+00      3.77983191438672e-01      2.01575063027276e+00
     4.31000000000329e+00      7.53415881672040e-01      1.04373177532241e+00
     4.32000000000327e+00      6.52990389976234e-01     -9.28358301735699e-02
     4.33000000000325e+00     -4.64924271120525e-01     -1.10093925825258e+00
     4.34000000000322e+00     -1.36740715541315e+00     -1.77108112542055e+00
     4.35000000000320e+00     -3.79771013965140e-01     -2.00977868694007e+00
     4.36000000000318e+00     -7.55126373140798e-01     -1.04289232519055e+00
     4.37000000000315e+00     -6.53133079138960e-01      8.85984929833269e-02
     4.38000000000313e+00      4.65308937911447e-01      1.09170357723491e+00
     4.39000000000311e+00      1.36791227675289e+00      1.75694765645367e+00
     4.40000000000308e+00      3.79448090021410e-01      1.99086937845847e+00
     4.41000000000306e+00      7.54913406415080e-01      1.01934970817649e+00
     4.42000000000304e+00      6.52435675891035e-01     -1.16612200411884e-01
     4.43000000000301e+00     -4.66599981875824e-01     -1.12400744552426e+00
     4.44000000000299e+00     -1.36963174396007e+00     -1.79334309517622e+00
     4.45000000000297e+00     -3.80530081609770e-01     -2.03114125602855e+00
     4.46000000000294e+00     -7.56273954462157e-01     -1.06326753475991e+00
     4.47000000000292e+00     -6.54462707157921e-01      6.92930329765077e-02
     4.48000000000290e+00      4.65017515588764e-01      1.07354437316552e+00
     4.49000000000287e+00      1.36853207349359e+00      1.74000504692333e+00
     4.50000000000285e+00      3.79211749480511e-01      1.97520728189773e+00
     4.51000000000283e+00      7.55216188920076e-01      1.00502540294859e+00
     4.52000000000280e+00      6.54462305239788e-01     -1.29548262770095e-01
     4.53000000000278e+00     -4.65199672393193e-01     -1.13551179344872e+00
     4.54000000000276e+00     -1.36902902819935e+00     -1.80337935629397e+00
     4.55000000000273e+00     -3.79816756194216e-01     -2.03968024229269e+00
     4.56000000000271e+00     -7.55951790861178e-01     -1.07028729350475e+00
     4.57000000000269e+00     -6.55904166390033e-01      6.38072018998715e-02
     4.58000000000266e+00      4.63809169527971e-01      1.06959993385825e+00
     4.59000000000264e+00      1.36784209931386e+00      1.73760227704674e+00
     4.60000000000262e+00      3.78032462183323e-01      1.97433935480683e+00
     4.61000000000259e+00      7.53443699626712e-01      1.00567850159543e+00
     4.62000000000257e+00      6.52821514258425e-01     -1.27394801056631e-01
     4.63000000000255e+00     -4.65133286738442e-01     -1.13188530233195e+00
     4.64000000000252e+00     -1.36761514012097e+00     -1.79831363709812e+00
     4.65000000000250e+00     -3.79895991626781e-01     -2.03321533324096e+00
     4.66000000000248e+00     -7.55258072607377e-01     -1.06246921290802e+00
     4.67000000000245e+00     -6.53200936477098e-01      7.29267370184236e-02
     4.68000000000243e+00      4.65293932726952e-01      1.07996381212148e+00
     4.69000000000241e+00      1.36793094176529e+00      1.74914831839608e+00
     4.70000000000238e+00      3.79405225030036e-01      1.98700065574171e+00
     4.71000000000236e+00      7.54893499454220e-01      1.01938379816213e+00
     4.72000000000234e+00      6.52461923416333e-01     -1.12720754404652e-01
     4.73000000000232e+00     -4.66613052517248e-01     -1.11632133993147e+00
     4.74000000000229e+00     -1.36968315406703e+00     -1.78194177730249e+00
     4.75000000000227e+00     -3.80559514022058e-01     -2.01612036367874e+00
     4.76000000000225e+00     -7.56322764105630e-01     -1.04473826779991e+00
     4.77000000000222e+00     -6.54576133918917e-01      9.12046054452354e-02
     4.78000000000220e+00      4.64929608014773e-01      1.09869806607894e+00
     4.79000000000218e+00      1.36847954108783e+00      1.76824736880418e+00
     4.80000000000215e+00      3.79152291922112e-01      2.00637229629920e+00
     4.81000000000213e+00      7.55176758773177e-01      1.03893563722201e+00
     4.82000000000211e+00      6.54521110803894e-01     -9.30808661186721e-02
     4.83000000000208e+00     -4.65143491945842e-01     -1.09668488768936e+00
     4.84000000000206e+00     -1.36898871335838e+00     -1.76239916868469e+00
     4.85000000000204e+00     -3.79799251968153e-01     -1.99676052465846e+00
     4.86000000000201e+00     -7.55937947737030e-01     -1.02564825033809e+00
     4.87000000000199e+00     -6.55927087374943e-01      1.09940002618397e-01
     4.88000000000197e+00      4.63782083863234e-01      1.11699666190236e+00
     4.89000000000194e+00      1.36782146873911e+00      1.78602994803697e+00
     4.90000000000192e+00      3.78023505438426e-01      2.02356293996995e+00
     4.91000000000190e+00      7.53439011041961e-01      1.05546203405957e+00
     4.92000000000187e+00      6.52858765125217e-01     -7.72871284865230e-02
     4.93000000000185e+00     -4.65082798578046e-01     -1.08168805287594e+00
     4.94000000000183e+00     -1.36755790332919e+00     -1.74825906401838e+00
     4.95000000000180e+00     -3.79861339984761e-01     -1.98353233687154e+00
     4.96000000000178e+00     -7.55216250265992e-01     -1.01338232523419e+00
     4.97000000000176e+00     -6.53143578325318e-01      1.21198335873817e-01
     4.98000000000173e+00      4.65341993401074e-01      1.12720724134490e+00
     4.99000000000171e+00      1.36797103818467e+00      1.79515790391802e+00
     5.00000000000169e+00      3.79448834144680e-01      2.03157879394384e+00
     5.01000000000166e+00      7.54934226555889e-01      1.06234177238622e+00
     5.02000000000164e+00      6.52496801632988e-01     -7.15620077592348e-02
     5.03000000000162e+00     -4.66570893475366e-01     -1.07713051866524e+00
     5.04000000000159e+00     -1.36963247342834e+00     -1.74487655669199e+00
     5.05000000000157e+00     -3.80514105006041e-01     -1.98132679814607e+00
     5.06000000000155e+00     -7.56271929129347e-01     -1.01235025305384e+00
     5.07000000000152e+00     -6.54502473942451e-01      1.21065808020980e-01
     5.08000000000150e+00      4.65000297554276e-01      1.12592424132205e+00
     5.09000000000148e+00      1.36854419175159e+00      1.79274369479711e+00
     5.10000000000145e+00      3.79213756124158e-01      2.02805762567398e+00
     5.11000000000143e+00      7.55235596222791e-01      1.05774271221367e+00
     5.12000000000141e+00      6.54562929096222e-01     -7.72052650917377e-02
     5.13000000000138e+00     -4.65103457696236e-01     -1.08377985983081e+00
     5.14000000000136e+00     -1.36894788090070e+00     -1.75248967661961e+00
     5.15000000000134e+00     -3.79752537178108e-01     -1.98985744353519e+00
     5.16000000000131e+00     -7.55891951909007e-01     -1.02174848124857e+00
     5.17000000000129e+00     -6.55880506021876e-01      1.10853356168962e-01
     5.18000000000127e+00      4.63829233078496e-01      1.11495405602095e+00
     5.19000000000124e+00      1.36786730402560e+00      1.78107510077349e+00
     5.20000000000122e+00      3.78069142700621e-01      2.01575247601707e+00
     5.21000000000120e+00      7.53482848293221e-01      1.04486507412734e+00
     5.22000000000117e+00      6.52888865894193e-01     -9.05894310879469e-02
     5.23000000000115e+00     -4.65057379675374e-01     -1.09760302569807e+00
     5.24000000000113e+00     -1.36753640294381e+00     -1.76668307603474e+00
     5.25000000000110e+00     -3.79831777330560e-01     -2.00435140300792e+00
     5.26000000000108e+00     -7.55190935632161e-01     -1.03647275157401e+00
     5.27000000000106e+00     -6.53135923542307e-01      9.59692696531798e-02
     5.28000000000103e+00      4.65349273270328e-01      1.09998056588021e+00
     5.29000000000101e+00      1.36797817693110e+00      1.76608221410174e+00
     5.30000000000099e+00      3.79461422125359e-01      2.00080947668347e+00
     5.31000000000096e+00      7.54944427460294e-01      1.03004021204222e+00
     5.32000000000094e+00      6.52494871277279e-01     -1.05229242337918e-01
     5.33000000000092e+00     -4.66575912500984e-01     -1.11199250154992e+00
     5.34000000000089e+00     -1.36964096653743e+00     -1.78075884274848e+00
     5.35000000000087e+00     -3.80516124435570e-01     -2.01805226739355e+00
     5.36000000000085e+00     -7.56278095253059e-01     -1.04973995754396e+00
     5.37000000000082e+00     -6.54528181224294e-01      8.31917987348803e-02
     5.38000000000080e+00      4.64972888479812e-01      1.08774600000354e+00
     5.39000000000078e+00      1.36851596737066e+00      1.75444060544163e+00
     5.40000000000075e+00      3.79192579673583e-01      1.98980756524272e+00
     5.41000000000073e+00      7.55211721523501e-01      1.01972124880652e+00
     5.42000000000071e+00      6.54528177710442e-01     -1.14825654121591e-01
     5.43000000000068e+00     -4.65139037488858e-01     -1.12083054645080e+00
     5.44000000000066e+00     -1.36898453679926e+00     -1.78880661415652e+00
     5.45000000000064e+00     -3.79785164211085e-01     -2.02528186911512e+00
     5.46000000000061e+00     -7.55926770162218e-01     -1.05612758574586e+00
     5.47000000000059e+00     -6.55925734298335e-01      7.76657933823062e-02
     5.48000000000057e+00      4.63782844877889e-01      1.08309707004062e+00
     5.49000000000054e+00      1.36782025430665e+00      1.75067998415528e+00
     5.50000000000052e+00      3.78026090551355e-01      1.98694226389733e+00
     5.51000000000050e+00      7.53438318456126e-01      1.01775407335409e+00
     5.52000000000047e+00      6.52839286239168e-01     -1.15896067155199e-01
     5.53000000000045e+00     -4.65106327655902e-01     -1.12100967529134e+00
     5.54000000000043e+00     -1.36758454999870e+00     -1.78810397878850e+00
     5.55000000000040e+00     -3.79879038452711e-01     -2.02371094051938e+00
     5.56000000000038e+00     -7.55238101803300e-01     -1.05370567799199e+00
     5.57000000000036e+00     -6.53181861326371e-01      8.09176474927486e-02
     5.58000000000033e+00      4.65303861098394e-01      1.08715425901637e+00
     5.59000000000031e+00      1.36793333878548e+00      1.75551447271591e+00
     5.60000000000029e+00      3.79415757377376e-01      1.99252276184625e+00
     5.61000000000026e+00      7.54899481961353e-01      1.02404621748388e+00
     5.62000000000024e+00      6.52454312863598e-01     -1.08929519114216e-01
     5.63000000000022e+00     -4.66615003600399e-01     -1.11340863971240e+00
     5.64000000000019e+00     -1.36967836940546e+00     -1.77991083125148e+00
     5.65000000000017e+00     -3.80556187065145e-01     -2.01497029208081e+00
     5.66000000000015e+00     -7.56316200054772e-01     -1.04446414375506e+00
     5.67000000000012e+00     -6.54556105087918e-01      9.06116863528559e-02
     5.68000000000010e+00      4.64946798082014e-01      1.09725089859965e+00
     5.69000000000008e+00      1.36849157726147e+00      1.76596253393408e+00
     5.70000000000005e+00      3.79163588367349e-01      2.00327004095972e+00
     5.71000000000003e+00      7.55185276012564e-01      1.03503973845048e+00
     5.72000000000001e+00      6.54513907929768e-01     -9.77432516622421e-02
     5.72999999999998e+00     -4.65151475670262e-01     -1.10208338803560e+00
     5.73999999999996e+00     -1.36899514628311e+00     -1.76850037377106e+00
     5.74999999999994e+00     -3.79801001014041e-01     -2.00352817548226e+00
     5.75999999999991e+00     -7.58549926738326e-01     -1.04064138160844e+00
     5.76999999999989e+00     -6.63766375599755e-01      9.64895574237756e-02
     5.77999999999987e+00      4.59657160007509e-01      1.10606353715810e+00
     5.78999999999984e+00      1.36770336036984e+00      1.77772383702137e+00
     5.79999999999982e+00      3.75978862605251e-01      2.01727452120769e+00
     5.80999999999980e+00      7.56166135776512e-01      1.05774483572932e+00
     5.81999999999977e+00      6.69355004334875e-01     -7.73083322836072e-02
     5.82999999999975e+00     -4.54063312215377e-01     -1.08590317927280e+00
     5.83999999999973e+00     -1.36347350181079e+00     -1.75730590022459e+00
     5.84999999999970e+00     -3.73719969862987e-01     -1.99687165123399e+00
     5.85999999999968e+00     -7.54391037145029e-01     -1.03722666732571e+00
     5.86999999999966e+00     -6.72196052177833e-01      9.83441164109005e-02
     5.87999999999963e+00      4.50275763399423e-01      1.10796065449985e+00
     5.88999999999961e+00      1.35974000101284e+00      1.78082800787298e+00
     5.89999999999959e+00      3.71221972822667e-01      2.02212073312703e+00
     5.90999999999956e+00      7.50924679705855e-01      1.06422787706094e+00
     5.91999999999954e+00      6.69021549802128e-01     -6.97951066615254e-02
     5.92999999999952e+00     -4.50569927259056e-01     -1.07823923462522e+00
     5.93999999999950e+00     -1.35772392307212e+00     -1.75039417798579e+00
     5.94999999999947e+00     -3.71759000785309e-01     -1.99142950521568e+00
     5.95999999999945e+00     -7.50109925853529e-01     -1.03365750740233e+00
     5.96999999999943e+00     -6.64480995369318e-01      9.99840664630633e-02
     5.97999999999940e+00      4.53150198952399e-01      1.10791055941952e+00
     5.98999999999938e+00      1.35802221240945e+00      1.77951327411019e+00
     5.99999999999936e+00      3.73541893458267e-01      2.02002219373801e+00
     6.00999999999933e+00      7.51533807939834e-01      1.06176331345029e+00
     6.01999999999931e+00      6.62242505708251e-01     -7.23522600283534e-02
     6.02999999999929e+00     -4.56177692935770e-01     -1.08079230656906e+00
     6.03999999999926e+00     -1.36101136676681e+00     -1.75300848613418e+00
     6.04999999999924e+00     -3.74963679109608e-01     -1.99428258517015e+00
     6.05999999999922e+00     -7.53042743389047e-01     -1.03697229572559e+00
     6.06999999999919e+00     -6.62257115293964e-01      9.60045756140544e-02
     6.07999999999917e+00      4.57238004098043e-01      1.10313244611743e+00
     6.08999999999915e+00      1.36275123977069e+00      1.77389633183370e+00
     6.09999999999912e+00      3.75394457162585e-01      2.01361894857239e+00
     6.10999999999910e+00      7.53955713212754e-01      1.05469737714891e+00
     6.11999999999908e+00      6.64157681502378e-01     -7.99197351473853e-02
     6.12999999999905e+00     -4.56146761412736e-01     -1.08869820827511e+00
     6.13999999999903e+00     -1.36245440338779e+00     -1.76111686558688e+00
     6.14999999999901e+00     -3.74655234230824e-01     -2.00250189147523e+00
     6.16009999999898e+00     -7.55921705260526e-01     -1.03422903147795e+00
     6.17009999999896e+00     -6.53782644305781e-01      9.87837468362517e-02
     6.18009999999894e+00      4.66080130095173e-01      1.10332865776490e+00
     6.19009999999891e+00      1.36986389240087e+00      1.76993725637274e+00
     6.20009999999889e+00      3.80129943434596e-01      2.00515411472531e+00
     6.21009999999887e+00      7.56307526012374e-01      1.03486282244023e+00
     6.22009999999884e+00      6.55934724671107e-01     -9.99392390561891e-02
     6.23009999999882e+00     -4.64029196197811e-01     -1.10624912181921e+00
     6.24009999999880e+00     -1.36818209797141e+00     -1.77458278986566e+00
     6.25009999999877e+00     -3.78801578683803e-01     -2.01147239724361e+00
     6.26009999999875e+00     -7.55118595010986e-01     -1.04279291772160e+00
     6.27009999999873e+00     -6.55811629319603e-01      9.04633732245009e-02
     6.28009999999870e+00      4.64015899906683e-01      1.09529609251432e+00
     6.29009999999868e+00      1.36824859928332e+00      1.76222251932556e+00
     6.30009999999866e+00      3.79245364239732e-01      1.99777612550517e+00
     6.31009999999863e+00      7.55569799087732e-01      1.02783413364543e+00
     6.32009999999861e+00      6.56731781210982e-01     -1.06607553654213e-01
     6.33009999999859e+00     -4.62884207400503e-01     -1.11254359886070e+00
     6.34009999999856e+00     -1.36703371864410e+00     -1.78048544781137e+00
     6.35009999999854e+00     -3.78325840849663e-01     -2.01696053238582e+00
     6.36009999999852e+00     -7.54591489407819e-01     -1.04784053149413e+00
     6.37009999999849e+00     -6.55842550895280e-01      8.58831308755750e-02
     6.38009999999847e+00      4.63534619681520e-01      1.09120819997160e+00
     6.39009999999845e+00      1.36747773071691e+00      1.75864774638573e+00
     6.40009999999842e+00      3.79003976289186e-01      1.99472953891099e+00
     6.41009999999840e+00      7.55129794932604e-01      1.02532462590906e+00
     6.42009999999838e+00      6.55892245156137e-01     -1.08576796872723e-01
     6.43009999999835e+00     -4.63377945377124e-01     -1.11397397431099e+00
     6.44009999999833e+00     -1.36718348489900e+00     -1.78138153028322e+00
     6.45009999999831e+00     -3.77955892228240e-01     -2.01732875898657e+00
     6.46009999999828e+00     -7.53201655229758e-01     -1.04768825174200e+00
     6.47009999999826e+00     -6.52423428475015e-01      8.65480998400755e-02
     6.48009999999824e+00      4.65145951078825e-01      1.09237751782333e+00
     6.49009999999821e+00      1.36728733065712e+00      1.76031211454913e+00
     6.50009999999819e+00      3.79860738391515e-01      1.99687807351997e+00
     6.51009999999817e+00      7.55032390767366e-01      1.02794423750207e+00
     6.52009999999814e+00      6.52385778644553e-01     -1.05501854777488e-01
     6.53009999999812e+00     -4.65860397816404e-01     -1.11046229266510e+00
     6.54009999999810e+00     -1.36818156653477e+00     -1.77745444938650e+00
     6.55009999999807e+00     -3.79727376679428e-01     -2.01301003885942e+00
     6.56009999999805e+00     -7.55048503275646e-01     -1.04300359943373e+00
     6.57009999999803e+00     -6.51854952711105e-01      9.15715400771794e-02
     6.58009999999800e+00      4.67144650155878e-01      1.09771161790606e+00
     6.59009999999798e+00      1.37002818311218e+00      1.76592809724082e+00
     6.60009999999796e+00      3.80779925922175e-01      2.00274670579859e+00
     6.61009999999793e+00      7.56467534832686e-01      1.03403589728358e+00
     6.62009999999791e+00      6.54222342322317e-01     -9.92171970739157e-02
     6.63009999999789e+00     -4.65312550881664e-01     -1.10401512406185e+00
     6.64009999999786e+00     -1.36879066430118e+00     -1.77087574471273e+00
     6.65009999999784e+00     -3.79318204125711e-01     -2.00633123439903e+00
     6.66009999999782e+00     -7.55314646499554e-01     -1.03625649274345e+00
     6.67009999999779e+00     -6.54333578326226e-01      9.83549609164606e-02
     6.68009999999777e+00      4.65428017326473e-01      1.10449939635504e+00
     6.69009999999775e+00      1.36930475565829e+00      1.77268855368822e+00
     6.70009999999772e+00      3.79949453160891e-01      2.00944867742813e+00
     6.71009999999770e+00      7.56123215779561e-01      1.04064894936746e+00
     6.72009999999768e+00      6.56110338276930e-01     -9.27226016473242e-02
     6.73009999999765e+00     -4.63691320366094e-01     -1.09766749929410e+00
     6.74009999999763e+00     -1.36780032065182e+00     -1.76470249301179e+00
     6.75009999999761e+00     -3.77923890267797e-01     -2.00035858224335e+00
     6.76009999999758e+00     -7.53377004979717e-01     -1.03050943593200e+00
     6.77009999999756e+00     -6.52880578245928e-01      1.03852714936777e-01
     6.78009999999754e+00      4.65130808310980e-01      1.10972549696561e+00
     6.79009999999751e+00      1.36768237865155e+00      1.77762208860561e+00
     6.80009999999749e+00      3.79945022086550e-01      2.01407026428453e+00
     6.81009999999747e+00      7.55343446073434e-01      1.04494083080267e+00
     6.82009999999744e+00      6.53444957971947e-01     -8.87764674271700e-02
     6.83009999999742e+00     -4.65072822277269e-01     -1.09408135994368e+00
     6.84009999999740e+00     -1.36775748263714e+00     -1.76148874075610e+00
     6.85009999999737e+00     -3.79250771487075e-01     -1.99752771222264e+00
     6.86009999999735e+00     -7.54761834242933e-01     -1.02807002361583e+00
     6.87009999999733e+00     -6.52469324180744e-01      1.05894020072727e-01
     6.88009999999730e+00      4.66596298780530e-01      1.11136396548914e+00
     6.89009999999728e+00      1.36968004362493e+00      1.77885489695390e+00
     6.90009999999726e+00      3.80599385017056e-01      2.01489647555875e+00
     6.91009999999723e+00      7.56363524161916e-01      1.04536137232447e+00
     6.92009999999721e+00      6.54662871763293e-01     -8.87588295153661e-02
     6.93009999999719e+00     -4.64826783280746e-01     -1.09446204999918e+00
     6.94009999999716e+00     -1.36837581483693e+00     -1.76226140858049e+00
     6.95009999999714e+00     -3.79072574002003e-01     -1.99868427548051e+00
     6.96009999999712e+00     -7.55097340879380e-01     -1.02960071920310e+00
     6.97009999999709e+00     -6.54481714607616e-01      1.04000574956474e-01
     6.98009999999707e+00      4.65157030237713e-01      1.10912070265354e+00
     6.99009999999705e+00      1.36898255136706e+00      1.77627621776148e+00
     7.00009999999702e+00      3.79826649265460e-01      2.01199816406217e+00
     7.01009999999700e+00      7.55949281717356e-01      1.04216050256951e+00
     7.02009999999698e+00      6.55885584603887e-01     -9.22439905337671e-02
     7.03009999999695e+00     -4.63811697775110e-01     -1.09821214254167e+00
     7.04009999999693e+00     -1.36783766636100e+00     -1.76625608274659e+00
     7.05009999999691e+00     -3.78035434238817e-01     -2.00290229578132e+00
     7.06009999999688e+00     -7.53448148057420e-01     -1.03402007102542e+00
     7.07009999999686e+00     -6.52861318392231e-01      9.94025769525783e-02
     7.08009999999684e+00      4.65069108992769e-01      1.10436730417812e+00
     7.09009999999681e+00      1.36752855707172e+00      1.77139111269386e+00
     7.10009999999679e+00      3.79841439621129e-01      2.00700538073005e+00
     7.11009999999677e+00      7.55184622984633e-01      1.03708428904897e+00
     7.12009999999674e+00      6.53054089334388e-01     -9.73792813841077e-02
     7.13009999999672e+00     -4.65433340881025e-01     -1.10338216750441e+00
     7.14009999999670e+00     -1.36805821820154e+00     -1.77143662131136e+00
     7.15009999999667e+00     -3.79518964059298e-01     -2.00806936110419e+00
     7.16009999999665e+00     -7.55006325739193e-01     -1.03915001814937e+00
     7.17009999999663e+00     -6.52567162779921e-01      9.43329461153401e-02
     7.18009999999660e+00      4.66502965441893e-01      1.09938063948134e+00
     7.19009999999658e+00      1.36956323599852e+00      1.76650941830237e+00
     7.20009999999656e+00      3.80443206719336e-01      2.00224992182289e+00
     7.21009999999653e+00      7.56198920011039e-01      1.03247550292330e+00
     7.22009999999651e+00      6.54412270979855e-01     -1.01821869543086e-01
     7.23009999999649e+00     -4.65095399353804e-01     -1.10764002388841e+00
     7.24009999999647e+00     -1.36864168670603e+00     -1.77549227746072e+00
     7.25009999999644e+00     -3.79302389237670e-01     -2.01190648224579e+00
     7.26009999999642e+00     -7.55326750502747e-01     -1.04275346557154e+00
     7.27009999999640e+00     -6.54657309802934e-01      9.09770589461909e-02
     7.28009999999637e+00      4.65014631534563e-01      1.09628489730516e+00
     7.29009999999635e+00      1.36886463570419e+00      1.76368506113152e+00
     7.30009999999633e+00      3.79665226191972e-01      1.99970680880736e+00
     7.31009999999630e+00      7.55808290814588e-01      1.03022208307592e+00
     7.32009999999628e+00      6.55813025215827e-01     -1.03778579746331e-01
     7.33009999999626e+00     -4.63896722885442e-01     -1.10929445605139e+00
     7.34009999999623e+00     -1.36793552800286e+00     -1.77684031999522e+00
     7.35009999999621e+00     -3.78141867855054e-01     -2.01294548234270e+00
     7.36009999999619e+00     -7.53554012661486e-01     -1.04348222448773e+00
     7.37009999999616e+00     -6.52951281156574e-01      9.05582971967784e-02
     7.38009999999614e+00      4.64998862850299e-01      1.09617446374696e+00
     7.39009999999612e+00      1.36748306044374e+00      1.76387988597436e+00
     7.40009999999609e+00      3.79772006773626e-01      2.00020245177942e+00
     7.41009999999607e+00      7.55136609100200e-01      1.03101276974359e+00
     7.42009999999605e+00      6.53109902806868e-01     -1.02699915904236e-01
     7.43009999999602e+00     -4.65371157219314e-01     -1.10793612607943e+00
     7.44009999999600e+00     -1.36799715269233e+00     -1.77521182669889e+00
     7.45009999999598e+00     -3.79492109184641e-01     -2.01105746264284e+00
     7.46009999999595e+00     -7.54969814218023e-01     -1.04134638722464e+00
     7.47009999999593e+00     -6.52497248754989e-01      9.29292376623989e-02
     7.48009999999591e+00      4.66576030930866e-01      1.09876685777804e+00
     7.49009999999588e+00      1.36964398419757e+00      1.76667922237922e+00
     7.50009999999586e+00      3.80510017014341e-01      2.00319343463521e+00
     7.51009999999584e+00      7.56277228626656e-01      1.03417939793755e+00
     7.52009999999581e+00      6.54553333195350e-01     -9.93742668078702e-02
     7.53009999999579e+00     -4.64943540335673e-01     -1.10446862004614e+00
     7.54009999999577e+00     -1.36848297460720e+00     -1.77162008191017e+00
     7.55009999999574e+00     -3.79170895244431e-01     -2.00735946507231e+00
     7.56009999999572e+00     -7.55184402714086e-01     -1.03756040351672e+00
     7.57009999999570e+00     -6.54476307875329e-01      9.67847475990320e-02
     7.58009999999567e+00      4.65192572013313e-01      1.10267332805321e+00
     7.59009999999565e+00      1.36903921967578e+00      1.77061806787680e+00
     7.60009999999563e+00      3.79831248854563e-01      2.00714613684642e+00
     7.61009999999560e+00      7.55976535369662e-01      1.03812758948681e+00
     7.62009999999558e+00      6.55991561311821e-01     -9.54487193180190e-02
     7.63009999999556e+00     -4.63715354143051e-01     -1.10058353523187e+00
     7.64009999999553e+00     -1.36775122995621e+00     -1.76779288519166e+00
     7.65009999999551e+00     -3.77963292567942e-01     -2.00360711297959e+00
     7.66009999999549e+00     -7.53372594781348e-01     -1.03389931103191e+00
     7.67009999999546e+00     -6.52761246848122e-01      1.00338776363881e-01
     7.68009999999544e+00      4.65184643105250e-01      1.10610516556212e+00
     7.69009999999542e+00      1.36766251156822e+00      1.77391332499828e+00
     7.70009999999539e+00      3.79953268765935e-01      2.01029122056378e+00
     7.71009999999537e+00      7.55313219632160e-01      1.04110975627146e+00
     7.72009999999535e+00      6.53258826339638e-01     -9.26413146665075e-02
     7.73009999999532e+00     -4.65228004704553e-01     -1.09796179545140e+00
     7.74009999999530e+00     -1.36785868098170e+00     -1.76536673127785e+00
     7.75009999999528e+00     -3.79340649360185e-01     -2.00138544988474e+00
     7.76009999999525e+00     -7.54825218534621e-01     -1.03188999844268e+00
     7.77009999999523e+00     -6.52385286443310e-01      1.02128948095112e-01
     7.78009999999521e+00      4.66682401589790e-01      1.10767049428131e+00
     7.79009999999518e+00      1.36974389086369e+00      1.77524921038313e+00
     7.80009999999516e+00      3.80624755926953e-01      2.01139417252432e+00
     7.81009999999514e+00      7.56382467972810e-01      1.04197739813978e+00
     7.82009999999511e+00      6.54609864992332e-01     -9.20102481116516e-02
     7.83009999999509e+00     -4.64895859138356e-01     -1.09756746505652e+00
     7.84009999999507e+00     -1.36844350829243e+00     -1.76520820559151e+00
     7.85009999999504e+00     -3.79109301530928e-01     -2.00146072212567e+00
     7.86009999999502e+00     -7.55134801688644e-01     -1.03219600822436e+00
     7.87009999999500e+00     -6.54482206454037e-01      1.01596288438717e-01
     7.88009999999497e+00      4.65180218712082e-01      1.10691626894363e+00
     7.89009999999495e+00      1.36902106712619e+00      1.77427946509961e+00
     7.90009999999493e+00      3.79835062445602e-01      2.01021587556422e+00
     7.91009999999490e+00      7.55969282681834e-01      1.04059839750156e+00
     7.92009999999488e+00      6.55932843198985e-01     -9.35812710600985e-02
     7.93009999999486e+00     -4.63780916680435e-01     -1.09932104523790e+00
     7.94009999999483e+00     -1.36782320489934e+00     -1.76713414691250e+00
     7.95009999999481e+00     -3.78014025473801e-01     -2.00354815292581e+00
     7.96009999999479e+00     -7.53434185373975e-01     -1.03443343919301e+00
     7.97009999999476e+00     -6.52872042495992e-01      9.92209041726211e-02
     7.98009999999474e+00      4.65069090344570e-01      1.10441547385100e+00
     7.99009999999472e+00      1.36754337136060e+00      1.77166623372695e+00
     8.00009999999469e+00      3.79852621113639e-01      2.00750354975641e+00
     8.01009999999467e+00      7.55204407518094e-01      1.03780062068467e+00
     8.02009999999465e+00      6.53115333758305e-01     -9.64506202223212e-02
     8.03009999999462e+00     -4.65373832667653e-01     -1.10224791950106e+00
     8.04009999999460e+00     -1.36800625677678e+00     -1.77010439711132e+00
     8.05009999999458e+00     -3.79476016853842e-01     -2.00654759432959e+00
     8.06009999999455e+00     -7.54965713382196e-01     -1.03744791725471e+00
     8.07009999999453e+00     -6.52546765264024e-01      9.62054489695200e-02
     8.08009999999451e+00      4.66520402428773e-01      1.10141294233603e+00
     8.09009999999448e+00      1.36958221247959e+00      1.76869030585599e+00
     8.10009999999446e+00      3.80469559660848e-01      2.00456762416410e+00
     8.11009999999444e+00      7.56225553949745e-01      1.03491775623432e+00
     8.12009999999441e+00      6.54449061065862e-01     -9.92677606455341e-02
     8.13009999999439e+00     -4.65054304453260e-01     -1.10498712272051e+00
     8.14009999999437e+00     -1.36859904207087e+00     -1.77275395069436e+00
     8.15009999999434e+00     -3.79265905473637e-01     -2.00909633472411e+00
     8.16009999999432e+00     -7.55289205830965e-01     -1.03988527483878e+00
     8.17009999999430e+00     -6.54622891663733e-01      9.38894080965983e-02
     8.18009999999427e+00      4.65043531359333e-01      1.09922747797596e+00
     8.19009999999425e+00      1.36888863748998e+00      1.76664396888413e+00
     8.20009999999423e+00      3.79694978587352e-01      2.00266822537176e+00
     8.21009999999420e+00      7.55834480224341e-01      1.03317233894156e+00
     8.22009999999418e+00      6.55825681129624e-01     -1.00852944124091e-01
     8.23009999999416e+00     -4.63882429604546e-01     -1.10640663069335e+00
     8.24009999999413e+00     -1.36791893071597e+00     -1.77400316774920e+00
     8.25009999999411e+00     -3.78122982993254e-01     -2.01017148339639e+00
     8.26009999999409e+00     -7.53535127202963e-01     -1.04078342328506e+00
     8.27009999999406e+00     -6.52933288919756e-01      9.31703424093296e-02
     8.28009999999404e+00      4.65014341894600e-01      1.09868872853582e+00
     8.29009999999402e+00      1.36749485428712e+00      1.76628592430754e+00
     8.30009999999399e+00      3.79786661052919e-01      2.00249043741983e+00
     8.31009999999397e+00      7.55148068120238e-01      1.03317353429804e+00
     8.32009999999395e+00      6.53104776636911e-01     -1.00674848411209e-01
     8.33009999999392e+00     -4.65377968418653e-01     -1.10605450822012e+00
     8.34009999999390e+00     -1.36800437081935e+00     -1.77348066034272e+00
     8.35009999999388e+00     -3.79493279532619e-01     -2.00948297542338e+00
     8.36009999999385e+00     -7.54972898316902e-01     -1.03993401283841e+00
     8.37009999999383e+00     -6.52506971063515e-01      9.41748752770444e-02
     8.38009999999381e+00      4.66566098995799e-01      1.09984195635129e+00
     8.39009999999378e+00      1.36963320338273e+00      1.76758080929686e+00
     8.40009999999376e+00      3.80501553048908e-01      2.00391937100893e+00
     8.41009999999374e+00      7.56267042286705e-01      1.03472837878373e+00
     8.42009999999371e+00      6.54533537113094e-01     -9.90027162365593e-02
     8.43009999999369e+00     -4.64965329468895e-01     -1.10427415171405e+00
     8.44009999999367e+00     -1.36850629009176e+00     -1.77160153615713e+00
     8.45009999999365e+00     -3.79189696921703e-01     -2.00751488538132e+00
     8.46009999999362e+00     -7.55205256330052e-01     -1.03788705477952e+00
     8.47009999999360e+00     -6.54505056352269e-01      9.62903574440222e-02
     8.48009999999358e+00      4.65164142331905e-01      1.10201542314971e+00
     8.49009999999355e+00      1.36901131919887e+00      1.76980157649802e+00
     8.50009999999353e+00      3.79805330332111e-01      2.00617666052476e+00
     8.51009999999351e+00      7.55950098858870e-01      1.03701136940123e+00
     8.52009999999348e+00      6.55963003537123e-01     -9.67048385112327e-02
     8.53009999999346e+00     -4.63744356520992e-01     -1.10197214392900e+00
     8.54009999999344e+00     -1.36778078625126e+00     -1.76930604952768e+00
     8.55009999999341e+00     -3.77991776129100e-01     -2.00523641745781e+00
     8.56009999999339e+00     -7.53401696555600e-01     -1.03563590287817e+00
     8.57009999999337e+00     -6.52792733425599e-01      9.85041413475476e-02
     8.58009999999334e+00      4.65153582561980e-01      1.10418207587299e+00
     8.59009999999332e+00      1.36763226337581e+00      1.77191166527011e+00
     8.60009999999330e+00      3.79923243225589e-01      2.00822112259942e+00
     8.61009999999327e+00      7.55283695415121e-01      1.03898154950596e+00
     8.62009999999325e+00      6.53232786147075e-01     -9.48171530376358e-02
     8.63009999999323e+00     -4.65253089887003e-01     -1.10017469044547e+00
     8.64009999999320e+00     -1.36788296348786e+00     -1.76760605996863e+00
     8.65009999999318e+00     -3.79366766365732e-01     -2.00364059088854e+00
     8.66009999999316e+00     -7.54850311133451e-01     -1.03415038082327e+00
     8.67009999999313e+00     -6.52405499494014e-01      9.98737967213156e-02
     8.68009999999311e+00      4.66662990854754e-01      1.10543090065206e+00
     8.69009999999309e+00      1.36972540278206e+00      1.77303530971447e+00
     8.70009999999306e+00      3.80604085448628e-01      2.00921586404932e+00
     8.71009999999304e+00      7.56363194610072e-01      1.03984430225037e+00
     8.72009999999302e+00      6.54597845056016e-01     -9.40888309409534e-02
     8.73009999999299e+00     -4.64906456611373e-01     -1.09958259339431e+00
     8.74009999999297e+00     -1.36845273493110e+00     -1.76715133406715e+00
     8.75009999999295e+00     -3.79121928224088e-01     -2.00332373619292e+00
     8.76009999999292e+00     -7.55145512066685e-01     -1.03397125653700e+00
     8.77009999999290e+00     -6.54483920835683e-01      9.99159641605511e-02
     8.78009999999288e+00      4.65179603199376e-01      1.10533750666484e+00
     8.79009999999285e+00      1.36902142601785e+00      1.77280835793431e+00
     8.80009999999283e+00      3.79831819376885e-01      2.00885795003426e+00
     8.81009999999281e+00      7.55967856834607e-01      1.03935859465714e+00
     8.82009999999278e+00      6.55939866942231e-01     -9.46986116039795e-02
     8.83009999999276e+00     -4.63772756463925e-01     -1.10031219830947e+00
     8.84009999999274e+00     -1.36781395783935e+00     -1.76799601181001e+00
     8.85009999999271e+00     -3.78008281966340e-01     -2.00427826045152e+00
     8.86009999999269e+00     -7.53426618472669e-01     -1.03502995569677e+00
     8.87009999999267e+00     -6.52856105845632e-01      9.87591757241865e-02
     8.88009999999264e+00      4.65085916437190e-01      1.10408909575007e+00
     8.89009999999262e+00      1.36756089823574e+00      1.77147513830198e+00
     8.90009999999260e+00      3.79866928133220e-01      2.00744704699581e+00
     8.91009999999257e+00      7.55220178321830e-01      1.03787740863860e+00
     8.92009999999255e+00      6.53137403276512e-01     -9.62424423423520e-02
     8.93009999999253e+00     -4.65351294514835e-01     -1.10191083561630e+00
     8.94009999999250e+00     -1.36798335399219e+00     -1.76964145606622e+00
     8.95009999999248e+00     -3.79455370402485e-01     -2.00596238929155e+00
     8.96009999999246e+00     -7.54944090027694e-01     -1.03674456284569e+00
     8.97009999999243e+00     -6.52521039704854e-01      9.70223416778166e-02
     8.98009999999241e+00      4.66546327333690e-01      1.10233829282348e+00
     8.99009999999239e+00      1.36960820290338e+00      1.76971859300427e+00
     9.00009999999236e+00      3.80494188837005e-01      2.00569291680152e+00
     9.01009999999234e+00      7.56250637746690e-01      1.03613374521486e+00
     9.02009999999232e+00      6.54475613222020e-01     -9.79677289945090e-02
     9.03009999999229e+00     -4.65028027814052e-01     -1.10361001195188e+00
     9.04009999999227e+00     -1.36857314768224e+00     -1.77130699856966e+00
     9.05009999999225e+00     -3.79240175982366e-01     -2.00758701669296e+00
     9.06009999999222e+00     -7.55263668889895e-01     -1.03832126684738e+00
     9.07009999999220e+00     -6.54598845317298e-01      9.55002672887531e-02
     9.08009999999218e+00      4.65067005273421e-01      1.10087722479198e+00
     9.09009999999215e+00      1.36891148962021e+00      1.76832455305947e+00
     9.10009999999213e+00      3.79718789019164e-01      2.00437154804074e+00
     9.11009999999211e+00      7.55857572171801e-01      1.03489029050566e+00
     9.12009999999208e+00      6.55844912758426e-01     -9.91284465180745e-02
     9.13009999999206e+00     -4.63864051388365e-01     -1.10468360623325e+00
     9.14009999999204e+00     -1.36790144185217e+00     -1.77228953575926e+00
     9.15009999999201e+00     -3.78103585212182e-01     -2.00847502801921e+00
     9.16009999999199e+00     -7.53516924577664e-01     -1.03911175919605e+00
     9.17009999999197e+00     -6.52921087169034e-01      9.48098031088820e-02
     9.18009999999194e+00      4.65025507388588e-01      1.10028880810839e+00
     9.19009999999192e+00      1.36750501418673e+00      1.76783970972047e+00
     9.20009999999190e+00      3.79799507987583e-01      2.00399130911506e+00
     9.21009999999187e+00      7.55159404099010e-01      1.03461519327610e+00
     9.22009999999185e+00      6.53108864952982e-01     -9.92983552980612e-02
     9.23009999999183e+00     -4.65374932625642e-01     -1.10474876486141e+00
     9.24009999999180e+00     -1.36800233051200e+00     -1.77225085993573e+00
     9.25009999999178e+00     -3.79488174729963e-01     -2.00833390108751e+00
     9.26009999999176e+00     -7.54969427827225e-01     -1.03887002034339e+00
     9.27009999999173e+00     -6.52511171599045e-01      9.51498726140387e-02
     9.28009999999171e+00      4.66560896428230e-01      1.10072450055526e+00
     9.29009999999169e+00      1.36962708899281e+00      1.76836790837767e+00
     9.30009999999166e+00      3.80498576735739e-01      2.00460850733401e+00
     9.31009999999164e+00      7.56262472282691e-01      1.03531751516874e+00
     9.32009999999162e+00      6.54521691605921e-01     -9.85151327207845e-02
     9.33009999999159e+00     -4.64977977592177e-01     -1.10388918820927e+00
     9.34009999999157e+00     -1.36851962552129e+00     -1.77131977474085e+00
     9.35009999999155e+00     -3.79200194407875e-01     -2.00733642601576e+00
     9.36009999999152e+00     -7.55217107236522e-01     -1.03781152044709e+00
     9.37009999999150e+00     -6.54522896019421e-01      9.62638134679061e-02
     9.38009999999148e+00      4.65145765218530e-01      1.10188810794465e+00
     9.39009999999145e+00      1.36899251938875e+00      1.76957524613478e+00
     9.40009999999143e+00      3.79788753384201e-01      2.00585350676527e+00
     9.41009999999141e+00      7.55932538915564e-01      1.03659400454602e+00
     9.42009999999138e+00      6.55941296680978e-01     -9.72133985366677e-02
     9.43009999999136e+00     -4.63766282246554e-01     -1.10256849815073e+00
     9.44009999999134e+00     -1.36780281618622e+00     -1.76998643205777e+00
     9.45009999999131e+00     -3.78012410106198e-01     -2.00599671907594e+00
     9.46009999999129e+00     -7.53422837628490e-01     -1.03647169394409e+00
     9.47009999999127e+00     -6.52815720658533e-01      9.75975867714877e-02
     9.48009999999124e+00      4.65130716941335e-01      1.10320975481466e+00
     9.49009999999122e+00      1.36760961115803e+00      1.77087881968422e+00
     9.50009999999120e+00      3.79901008869259e-01      2.00713321237972e+00
     9.51009999999117e+00      7.55261470741118e-01      1.03784422480684e+00
     9.52009999999115e+00      6.53211129971559e-01     -9.59980800346834e-02
     9.53009999999113e+00     -4.65274315721064e-01     -1.10139327418397e+00
     9.54009999999110e+00     -1.36790369446728e+00     -1.76885625045102e+00
     9.55009999999108e+00     -3.79388061501016e-01     -2.00491626275533e+00
     9.56009999999106e+00     -7.54871098222529e-01     -1.03544536244173e+00
     9.57009999999103e+00     -6.52423437661540e-01      9.85656942928508e-02
     9.58009999999101e+00      4.66645739982704e-01      1.10411585495644e+00
     9.59009999999099e+00      1.36970886830190e+00      1.77171945857364e+00
     9.60009999999096e+00      3.80586092190340e-01      2.00790527775394e+00
     9.61009999999094e+00      7.56346138053941e-01      1.03854495638328e+00
     9.62009999999092e+00      6.54585533867595e-01     -9.53710819295960e-02
     9.63009999999089e+00     -4.64917913124514e-01     -1.10084204174724e+00
     9.64009999999087e+00     -1.36846334554840e+00     -1.76838244330784e+00
     9.65009999999085e+00     -3.79134698534903e-01     -2.00452116463911e+00
     9.66009999999083e+00     -7.55157037955878e-01     -1.03512987964404e+00
     9.67009999999080e+00     -6.54489406048016e-01      9.88010327158394e-02
     9.68009999999078e+00      4.65175041147657e-01      1.10427089524226e+00
     9.69009999999076e+00      1.36901774397819e+00      1.77179441860579e+00
     9.70009999999073e+00      3.79825541323985e-01      2.00790074174461e+00
     9.71009999999071e+00      7.55962983448731e-01      1.03846186793047e+00
     9.72009999999069e+00      6.55941620562654e-01     -9.55314283597551e-02
     9.73009999999066e+00     -4.63770117172426e-01     -1.10107801085541e+00
     9.74009999999064e+00     -1.36781050604315e+00     -1.76869207044989e+00
     9.75009999999062e+00     -3.78007561394522e-01     -2.00490216869808e+00
     9.76009999999059e+00     -7.53424498359575e-01     -1.03557967721054e+00
     9.77009999999057e+00     -6.52847543640621e-01      9.82853119355259e-02
     9.78009999999055e+00      4.65095231465203e-01      1.10369239187549e+00
     9.79009999999052e+00      1.36757087300123e+00      1.77115652600977e+00
     9.80009999999050e+00      3.79874350264748e-01      2.00720708744281e+00
     9.81009999999048e+00      7.55228843540223e-01      1.03771629418596e+00
     9.82009999999045e+00      6.53151622992841e-01     -9.63248847346190e-02
     9.83009999999043e+00     -4.65336543533864e-01     -1.10191513935108e+00
     9.84009999999041e+00     -1.36796817471909e+00     -1.76956850826973e+00
     9.85009999999038e+00     -3.79442282325704e-01     -2.00581342262145e+00
     9.86009999999036e+00     -7.54930056863366e-01     -1.03652114580280e+00
     9.87009999999034e+00     -6.52502958770988e-01      9.73183158722732e-02
     9.88009999999031e+00      4.66564672798992e-01      1.10270461871727e+00
     9.89009999999029e+00      1.36962671456402e+00      1.77015276669670e+00
     9.90009999999027e+00      3.80511290334659e-01      2.00619215094078e+00
     9.91009999999024e+00      7.56268294577239e-01      1.03669498512678e+00
     9.92009999999022e+00      6.54495427499919e-01     -9.73477881335049e-02
     9.93009999999020e+00     -4.65008239433014e-01     -1.10293490698897e+00
     9.94009999999017e+00     -1.36855347188718e+00     -1.77058047939145e+00
     9.95009999999015e+00     -3.79221096072107e-01     -2.00681302648044e+00
     9.96009999999013e+00     -7.55244476395874e-01     -1.03750392166964e+00
     9.97009999999010e+00     -6.54579587556688e-01      9.63566994402140e-02
     9.98009999999008e+00      4.65085956956500e-01      1.10176834542543e+00
     9.99009999999006e+00      1.36893007294810e+00      1.76924585495752e+00
     1.00000999999900e+01      3.79737638335668e-01      2.00531843728303e+00
