# Table format: XY
# axis1_unit = s
# axis2_unit = m/s/s
# axis3_unit = m/s/s
# axis1_title = Time
# axis2_title = z'' - 10 km/h - semi-act.
# axis3_title = z'' - 10 km/h - passive
     0.00000000000000e+00      0.00000000000000e+00      0.00000000000000e+00
     1.00000000000000e-02     -1.53987480699151e-01     -7.96530081712367e-01
     1.99999999999999e-02     -5.00513403399680e-01     -1.46019879985820e+00
     2.99999999999999e-02     -9.47890757296000e-01     -1.85664425548953e+00
     4.00000000000001e-02     -1.37839275291796e+00     -1.93696559420935e+00
     5.00000000000004e-02     -1.67846232043717e+00     -1.73307458746115e+00
     6.00000000000007e-02     -1.76762994961548e+00     -1.33539002760388e+00
     7.00000000000010e-02     -9.78725242965273e-01     -8.61273703069156e-01
     8.00000000000013e-02     -2.61980019435546e-01     -4.23166168658980e-01
     9.00000000000016e-02      2.16288306191615e-01     -1.03782325954832e-01
     1.00000000000002e-01      3.98804971466034e-01      5.72611444219443e-02
     1.10000000000002e-01      3.07381471601567e-01      6.44486337135832e-02
     1.20000000000002e-01      2.31516286542819e-02     -4.29290147809953e-02
     1.30000000000002e-01     -2.35279050677998e-01     -2.06319416749340e-01
     1.40000000000001e-01     -3.35364753556630e-01     -3.64977006183092e-01
     1.50000000000000e-01     -5.02911196825623e-01     -4.70358376381927e-01
     1.59999999999999e-01     -6.85365550533335e-01     -4.95041798006794e-01
     1.69999999999998e-01     -8.26128215081112e-01     -4.35144933348727e-01
     1.79999999999996e-01     -8.78650570706327e-01     -2.98896138384317e-01
     1.89999999999995e-01      2.64988000352252e-01      6.64881155473823e-01
     1.99999999999994e-01      1.30985406702997e+00      1.50077662927189e+00
     2.09999999999993e-01      2.00115072081984e+00      2.04689446854763e+00
     2.19999999999992e-01      2.24922981725680e+00      2.23685788589613e+00
     2.29999999999991e-01      2.08202778770225e+00      2.09723968068808e+00
     2.39999999999990e-01      1.61677800947025e+00      1.72416850118813e+00
     2.49999999999989e-01      1.00424502209201e+00      1.24834859679574e+00
     2.59999999999988e-01      4.32987916097307e-01      7.98667834568835e-01
     2.69999999999987e-01      1.74219020222772e-02      4.72998957068783e-01
     2.79999999999985e-01     -1.77345975264232e-01      3.21548812203521e-01
     2.89999999999984e-01     -1.49604587863174e-01      3.44237373355740e-01
     2.99999999999983e-01      5.03824361265490e-02      5.00096470262099e-01
     3.09999999999982e-01      2.77335418837351e-01      7.24296834088915e-01
     3.19999999999981e-01      3.54452458215126e-01      9.47480542263144e-01
     3.29999999999980e-01      4.96797861216375e-01      1.11253797807155e+00
     3.39999999999979e-01      6.65303310938480e-01      1.18545876179352e+00
     3.49999999999978e-01      8.13834797581168e-01      1.15887176869651e+00
     3.59999999999977e-01      9.00191442975230e-01      1.03281656841075e+00
     3.69999999999976e-01     -1.96685741112627e-02      7.51036539641586e-02
     3.79999999999974e-01     -9.95513911901085e-01     -7.61418596005541e-01
     3.89999999999973e-01     -1.64692742214459e+00     -1.31113698886442e+00
     3.99999999999972e-01     -1.88345156664917e+00     -1.50476088777380e+00
     4.09999999999971e-01     -9.04438207256677e-01     -1.36726906470833e+00
     4.19999999999970e-01     -1.11529152697703e+00     -9.94630009650359e-01
     4.29999999999969e-01     -9.82443162894552e-01     -5.18582261447650e-01
     4.39999999999968e-01     -3.07321202179846e-01     -6.97702785396526e-02
     4.49999999999967e-01      2.34614734555487e-01      2.52007534522672e-01
     4.59999999999966e-01      5.46229670902687e-01      3.94941891191019e-01
     4.69999999999965e-01      6.01583846358243e-01      3.58163320489387e-01
     4.79999999999963e-01      4.38614650026948e-01      1.82465107757453e-01
     4.89999999999962e-01      1.38536196564117e-01     -6.67994538605751e-02
     4.99999999999961e-01      3.43549537388297e-02     -3.19268667321485e-01
     5.09999999999960e-01     -1.00180884904782e-01     -5.16635245530154e-01
     5.19999999999959e-01     -2.82548250003128e-01     -6.23772036136478e-01
     5.29999999999958e-01     -4.63223941378559e-01     -6.32475030224396e-01
     5.39999999999957e-01     -5.91429505142598e-01     -5.26301924993446e-01
     5.49999999999956e-01      1.91517195780410e-01      3.94018759930301e-01
     5.59999999999955e-01      1.18835324932454e+00      1.18898526484980e+00
     5.69999999999954e-01      1.87449792340547e+00      1.69426552575084e+00
     5.79999999999952e-01      8.33042054538458e-01      1.84197450528789e+00
     5.89999999999951e-01      1.27106559366593e+00      1.65832204472984e+00
     5.99999999999950e-01      1.54791488493433e+00      1.24013044110177e+00
     6.09999999999949e-01      1.45494869993100e+00      7.19536650360031e-01
     6.19999999999948e-01      6.05050629446745e-01      2.27169134291328e-01
     6.29999999999947e-01     -9.57733555881480e-02     -1.37475810961640e-01
     6.39999999999946e-01     -5.19514653458492e-01     -3.23007371138275e-01
     6.49999999999945e-01     -6.26020228725452e-01     -3.28926557089609e-01
     6.59999999999944e-01     -4.55817343966431e-01     -1.96227066812416e-01
     6.69999999999943e-01     -1.05776820745362e-01      9.76694403801528e-03
     6.79999999999941e-01      6.94354947558444e-02      2.18947165012427e-01
     6.89999999999940e-01      2.15343109745698e-01      3.73426941526221e-01
     6.99999999999939e-01      4.23831002006962e-01      4.38580800296122e-01
     7.09999999999938e-01      6.35267313655012e-01      4.06697082070266e-01
     7.19999999999937e-01      7.86980041054389e-01      2.53719042574671e-01
     7.29999999999936e-01      1.69318255652729e-03     -7.02794296892621e-01
     7.39999999999935e-01     -1.07216099527455e+00     -1.53001288836153e+00
     7.49999999999934e-01     -1.83518419629231e+00     -2.06437617655067e+00
     7.59999999999933e-01     -2.16967041538385e+00     -2.23889413659028e+00
     7.69999999999932e-01     -2.07744277147756e+00     -2.08054019219408e+00
     7.79999999999930e-01     -1.29024570973813e+00     -1.68659397764700e+00
     7.89999999999929e-01     -1.25974718189686e+00     -1.18927409130497e+00
     7.99999999999928e-01     -5.96587069889489e-01     -7.18947240417966e-01
     8.09999999999927e-01     -4.59744643035505e-02     -3.74612333102727e-01
     8.19999999999926e-01      2.90145565227375e-01     -2.07071687011573e-01
     8.29999999999925e-01      3.78493912031244e-01     -2.16286030309992e-01
     8.39999999999924e-01      2.49284464220182e-01     -3.60880009484525e-01
     8.49999999999923e-01     -2.25431449076514e-02     -5.75357941135229e-01
     8.59999999999922e-01     -1.61611809978595e-01     -7.89648343819181e-01
     8.69999999999921e-01     -2.75348574019113e-01     -9.46063355980042e-01
     8.79999999999919e-01     -4.38729906149365e-01     -1.01026614893339e+00
     8.89999999999918e-01     -6.05081345635373e-01     -9.74846995512492e-01
     8.99999999999917e-01     -7.23502231359479e-01     -7.99936937136428e-01
     9.09999999999916e-01      8.56757091729330e-02      1.63554069581973e-01
     9.19999999999915e-01      1.06586170773211e+00      9.96468578481218e-01
     9.29999999999914e-01      1.74337299351850e+00      1.53687884601508e+00
     9.39999999999913e-01      2.01787549398379e+00      1.71956886013961e+00
     9.49999999999912e-01      1.02044125403415e+00      1.57297335866019e+00
     9.59999999999911e-01      1.23505024189700e+00      1.19522075728622e+00
     9.69999999999909e-01      1.17252281394944e+00      7.18660328337661e-01
     9.79999999999908e-01      5.21951126228623e-01      2.73148220028116e-01
     9.89999999999907e-01     -1.36086775898378e-02     -4.32605572212698e-02
     9.99999999999906e-01     -3.36174696046878e-01     -1.80873895356327e-01
     1.00999999999991e+00     -4.15292378861557e-01     -1.40753488688431e-01
     1.01999999999990e+00     -2.82426634818472e-01      3.49761624972868e-02
     1.02999999999990e+00     -1.22015567461839e-02      2.80430792661326e-01
     1.03999999999990e+00      1.17602041777899e-01      5.25498422841632e-01
     1.04999999999990e+00      2.31478706222879e-01      7.12708125067707e-01
     1.05999999999990e+00      3.92969645205269e-01      8.08064106570296e-01
     1.06999999999990e+00      5.56053904012890e-01      8.04484450040110e-01
     1.07999999999990e+00      6.70322409875244e-01      6.54265801746185e-01
     1.08999999999990e+00     -1.54498355587573e-01     -2.75021031861564e-01
     1.09999999999990e+00     -1.12568042458926e+00     -1.07130663503174e+00
     1.10999999999989e+00     -1.79158947580782e+00     -1.57379921335375e+00
     1.11999999999989e+00     -2.05450494099372e+00     -1.71855057730143e+00
     1.12999999999989e+00     -1.07934620147138e+00     -1.53511473678306e+00
     1.13999999999989e+00     -1.30102646776835e+00     -1.12239585814542e+00
     1.14999999999989e+00     -1.23195268813303e+00     -6.13094569919211e-01
     1.15999999999989e+00     -5.56351779993191e-01     -1.37024372668123e-01
     1.16999999999989e+00      1.99552790123903e-04      2.08082526698326e-01
     1.17999999999989e+00      3.36128621718855e-01      3.72981430111868e-01
     1.18999999999989e+00      4.19832859564089e-01      3.59152335168015e-01
     1.19999999999988e+00      2.83877943162380e-01      2.08992068558011e-01
     1.20999999999988e+00      5.56405217062785e-03     -1.15487436066529e-02
     1.21999999999988e+00     -1.32228499884461e-01     -2.32497574105529e-01
     1.22999999999988e+00     -2.48217662716630e-01     -3.96679604683313e-01
     1.23999999999988e+00     -4.13346804815247e-01     -4.70473965690847e-01
     1.24999999999988e+00     -5.80080160227900e-01     -4.47169059172646e-01
     1.25999999999988e+00     -6.95272844012102e-01     -2.63264038049208e-01
     1.26999999999988e+00      1.49643952548975e-01      6.80123569535355e-01
     1.27999999999988e+00      1.12756143788375e+00      1.48480377406162e+00
     1.28999999999987e+00      1.79770284418140e+00      1.99167020150149e+00
     1.29999999999987e+00      2.06240643091834e+00      2.13861329445007e+00
     1.30999999999987e+00      1.06449163780479e+00      1.95672455414496e+00
     1.31999999999987e+00      1.27325794213898e+00      1.54584589222820e+00
     1.32999999999987e+00      1.18606721231433e+00      1.03891253194878e+00
     1.33999999999987e+00      5.39254033831348e-01      5.65348569074150e-01
     1.34999999999987e+00      1.07746069858838e-02      2.22082363076631e-01
     1.35999999999987e+00     -3.03870745898151e-01      5.74079363265545e-02
     1.36999999999987e+00     -3.76472783206207e-01      6.90012561594741e-02
     1.37999999999986e+00     -2.40033073248539e-01      2.13911891972542e-01
     1.38999999999986e+00      3.02184329304864e-02      4.26010922729163e-01
     1.39999999999986e+00      1.54394695943121e-01      6.35507672745414e-01
     1.40999999999986e+00      2.68158910389462e-01      7.85676126561870e-01
     1.41999999999986e+00      4.27678437155115e-01      8.43475734048314e-01
     1.42999999999986e+00      5.87046705900735e-01      8.02767868677335e-01
     1.43999999999986e+00      6.94535132617391e-01      5.92453552168234e-01
     1.44999999999986e+00     -1.71580867022358e-01     -3.69346900983903e-01
     1.45999999999986e+00     -1.13506390386795e+00     -1.19136871453967e+00
     1.46999999999985e+00     -1.78913364009795e+00     -1.71538473925545e+00
     1.47999999999985e+00     -2.04006239831823e+00     -1.88028686683898e+00
     1.48999999999985e+00     -1.05864194705489e+00     -1.71801259659450e+00
     1.49999999999985e+00     -1.26294047202593e+00     -1.32890331596838e+00
     1.50999999999985e+00     -1.15742049772844e+00     -8.45970547348610e-01
     1.51999999999985e+00     -5.13827685821547e-01     -3.98325681185815e-01
     1.52999999999985e+00      8.75745857301445e-03     -8.23120390085378e-02
     1.53999999999985e+00      3.16638563384397e-01      5.44765235611891e-02
     1.54999999999985e+00      3.83263028297269e-01      1.50250489496524e-02
     1.55999999999984e+00      2.42789790205519e-01     -1.57210850371332e-01
     1.56999999999984e+00     -2.90650759518693e-02     -3.95812336062709e-01
     1.57999999999984e+00     -1.47089567027469e-01     -6.30913431468417e-01
     1.58999999999984e+00     -2.62407719184183e-01     -8.05878153834010e-01
     1.59999999999984e+00     -4.22436980994511e-01     -8.87843867352346e-01
     1.60999999999984e+00     -5.81238544952761e-01     -8.70855230200119e-01
     1.61999999999984e+00     -6.86674405896568e-01     -6.75876341485657e-01
     1.62999999999984e+00      1.92995451409937e-01      2.62199695650179e-01
     1.63999999999984e+00      1.15332723234865e+00      1.05924664274499e+00
     1.64999999999983e+00      1.80191988882651e+00      1.55804172369606e+00
     1.65999999999983e+00      2.04658133913513e+00      1.69857025221936e+00
     1.66999999999983e+00      1.07213640299203e+00      1.51370423282449e+00
     1.67999999999983e+00      1.27752978489467e+00      1.10439392493370e+00
     1.68999999999983e+00      1.16433971636092e+00      6.03871653187307e-01
     1.69999999999983e+00      5.13256752615895e-01      1.41118231462731e-01
     1.70999999999983e+00     -1.45348320421997e-02     -1.87896065708994e-01
     1.71999999999983e+00     -3.24666521011564e-01     -3.36050223828275e-01
     1.72999999999983e+00     -3.90718168447322e-01     -3.06764504150221e-01
     1.73999999999982e+00     -2.47605200463267e-01     -1.43790510857227e-01
     1.74999999999982e+00      2.78657999023529e-02      8.63452970096647e-02
     1.75999999999982e+00      1.46217554439016e-01      3.13852858671041e-01
     1.76999999999982e+00      2.63093225335947e-01      4.82307977595995e-01
     1.77999999999982e+00      4.24924350562453e-01      5.59124075103714e-01
     1.78999999999982e+00      5.85211030482792e-01      5.38611480512811e-01
     1.79999999999982e+00      6.89941096496247e-01      3.25802077340722e-01
     1.80999999999982e+00     -2.06709200641944e-01     -6.10730216588979e-01
     1.81999999999982e+00     -1.16595072205297e+00     -1.40106629836878e+00
     1.82999999999981e+00     -1.81094877829844e+00     -1.88974413405227e+00
     1.83999999999981e+00     -2.05086535540899e+00     -2.01863209223905e+00
     1.84999999999981e+00     -1.07519104970677e+00     -1.82216189010853e+00
     1.85999999999981e+00     -1.27656051513509e+00     -1.40223293690225e+00
     1.86999999999981e+00     -1.15021458642378e+00     -8.92323653754149e-01
     1.87999999999981e+00     -5.03848981867687e-01     -4.21045034579049e-01
     1.88999999999981e+00      1.76657493322585e-02     -8.35949073321841e-02
     1.89999999999981e+00      3.21683545050429e-01      7.38137906898938e-02
     1.90999999999981e+00      3.83150231319976e-01      5.53956073808303e-02
     1.91999999999980e+00      2.37743938520568e-01     -9.45952119695396e-02
     1.92999999999980e+00     -3.76318911478076e-02     -3.09499959411961e-01
     1.93999999999980e+00     -1.51217021800889e-01     -5.19746655301751e-01
     1.94999999999980e+00     -2.68532428278617e-01     -6.69383535174645e-01
     1.95999999999980e+00     -4.29748412519012e-01     -7.26414940215877e-01
     1.96999999999980e+00     -5.88524264730205e-01     -6.85723329293444e-01
     1.97999999999980e+00     -6.90498516441548e-01     -4.44717798638998e-01
     1.98999999999980e+00      2.20194361844580e-01      5.10929915359014e-01
     1.99999999999980e+00      1.17545678925771e+00      1.31836672712658e+00
     2.00999999999982e+00      1.81472296415336e+00      1.82303369842946e+00
     2.01999999999984e+00      2.04880430280827e+00      1.96781520883062e+00
     2.02999999999986e+00      1.07704961571514e+00      1.78799707024475e+00
     2.03999999999988e+00      1.27584044839471e+00      1.38598451718474e+00
     2.04999999999990e+00      1.13888530401504e+00      8.95341998549382e-01
     2.05999999999992e+00      4.94371067626898e-01      4.44385155221142e-01
     2.06999999999994e+00     -2.37184889108253e-02      1.27754264358202e-01
     2.07999999999996e+00     -3.23804287895347e-01     -8.99980244544372e-03
     2.08999999999999e+00     -3.81815776987209e-01      2.92947785978394e-02
     2.10000000000001e+00     -2.34121443832435e-01      1.97932687683434e-01
     2.11000000000003e+00      4.20817878380551e-02      4.30023116285358e-01
     2.12000000000005e+00      1.52165550853233e-01      6.55977552755537e-01
     2.13000000000007e+00      2.70281596260811e-01      8.19992014695829e-01
     2.14000000000009e+00      4.31634843747080e-01      8.90304547203944e-01
     2.15000000000011e+00      5.89868427806684e-01      8.62034777952641e-01
     2.16000000000013e+00      6.89239871501428e-01      6.16617950982580e-01
     2.17000000000015e+00     -2.40256231074222e-01     -3.26453596494175e-01
     2.18000000000018e+00     -1.19027926706814e+00     -1.11873392982730e+00
     2.19000000000020e+00     -1.82180131186372e+00     -1.60744886511857e+00
     2.20000000000022e+00     -2.04784467916273e+00     -1.73737041593527e+00
     2.21000000000024e+00     -1.08223649691368e+00     -1.54532894842205e+00
     2.22000000000026e+00     -1.27833106777011e+00     -1.13464558638269e+00
     2.23000000000028e+00     -1.12746985632580e+00     -6.39082408172652e-01
     2.24000000000030e+00     -4.83289109445866e-01     -1.86524885897019e-01
     2.25000000000032e+00      3.21515973714514e-02      1.29228390458886e-01
     2.26000000000034e+00      3.28325179286497e-01      2.63610638295834e-01
     2.27000000000037e+00      3.82305947070636e-01      2.22326078344792e-01
     2.28000000000039e+00      2.31420347810784e-01      5.06701695043789e-02
     2.29000000000041e+00     -4.65485002492958e-02     -1.84240083958284e-01
     2.30000000000043e+00     -1.52784128990838e-01     -4.12932851986006e-01
     2.31000000000045e+00     -2.72155376880628e-01     -5.79966849507201e-01
     2.32000000000047e+00     -4.34066828887336e-01     -6.54052528261192e-01
     2.33000000000049e+00     -5.92013962800971e-01     -6.30754513598295e-01
     2.34000000000051e+00     -6.89518991341571e-01     -3.83741183686228e-01
     2.35000000000053e+00      2.52904609170169e-01      5.50461877241781e-01
     2.36000000000056e+00      1.20096188692846e+00      1.33071154858817e+00
     2.37000000000058e+00      1.82857884491914e+00      1.80529141847828e+00
     2.38000000000060e+00      2.05002461904373e+00      1.92013958345973e+00
     2.39000000000062e+00      1.08645955129464e+00      1.71308675536106e+00
     2.40000000000064e+00      1.28070025608081e+00      1.28810420689480e+00
     2.41000000000066e+00      1.12055531806583e+00      7.79184639736820e-01
     2.42000000000068e+00      4.76739569549756e-01      3.14064820773497e-01
     2.43000000000070e+00     -3.68154065488724e-02     -1.38646411730790e-02
     2.44000000000072e+00     -3.30310661753318e-01     -1.60546768160787e-01
     2.45000000000075e+00     -3.81595030983870e-01     -1.32145685909088e-01
     2.46000000000077e+00     -2.28629629982019e-01      2.57453450604154e-02
     2.47000000000079e+00      5.04271356150978e-02      2.45927863652397e-01
     2.48000000000081e+00      1.54095061399835e-01      4.59059483658217e-01
     2.49000000000083e+00      2.74249983772583e-01      6.09986415196972e-01
     2.50000000000085e+00      4.36457673023404e-01      6.67785265277818e-01
     2.51000000000087e+00      5.94127114083131e-01      6.28382608185477e-01
     2.52000000000089e+00      6.89159818104234e-01      3.49573938981729e-01
     2.53000000000091e+00     -2.71316104369863e-01     -5.98035170079516e-01
     2.54000000000094e+00     -1.21465384047176e+00     -1.38778373782971e+00
     2.55000000000096e+00     -1.83519651713023e+00     -1.86965249093783e+00
     2.56000000000098e+00     -2.04927067833795e+00     -1.99137270554366e+00
     2.57000000000100e+00     -1.09079105967483e+00     -1.79222241943408e+00
     2.58000000000102e+00     -1.28216391989994e+00     -1.37699464258791e+00
     2.59000000000104e+00     -1.10883264874461e+00     -8.79794648499960e-01
     2.60000000000106e+00     -4.66256551504460e-01     -4.27857893645273e-01
     2.61000000000108e+00      4.39569348207258e-02     -1.13678853005595e-01
     2.62000000000110e+00      3.33164250376537e-01      1.97068301327461e-02
     2.63000000000113e+00      3.80371278801137e-01     -2.06391862215103e-02
     2.64000000000115e+00      2.24432311465654e-01     -1.88525080821492e-01
     2.65000000000117e+00     -5.60205739650842e-02     -4.16527747616686e-01
     2.66000000000119e+00     -1.55676289237618e-01     -6.35430281149768e-01
     2.67000000000121e+00     -2.76959717812903e-01     -7.90455815913041e-01
     2.68000000000123e+00     -4.39546470561923e-01     -8.51172321729442e-01
     2.69000000000125e+00     -5.96756809056447e-01     -8.13975390281731e-01
     2.70000000000127e+00     -6.89742098399983e-01     -5.28916686192291e-01
     2.71000000000129e+00      2.83412030935502e-01      4.16254868689894e-01
     2.72000000000132e+00      1.22435831628183e+00      1.20222265202678e+00
     2.73000000000134e+00      1.84065735727678e+00      1.67997366022964e+00
     2.74000000000136e+00      2.04994056516476e+00      1.79833743334026e+00
     2.75000000000138e+00      1.09397387916075e+00      1.59751062013748e+00
     2.76000000000140e+00      1.28333050529008e+00      1.18284438895714e+00
     2.77000000000142e+00      1.10047952191362e+00      6.88576333980391e-01
     2.78000000000144e+00      4.58561526681965e-01      2.41691966483302e-01
     2.79000000000146e+00     -4.94897093234632e-02     -6.58241505232375e-02
     2.80000000000148e+00     -3.35816932201635e-01     -1.91547874089932e-01
     2.81000000000151e+00     -3.80229758417642e-01     -1.43102472629320e-01
     2.82000000000153e+00     -2.22216115380833e-01      3.29196934316296e-02
     2.83000000000155e+00      5.92420113077892e-02      2.68908992314983e-01
     2.84000000000157e+00      1.56218840680716e-01      4.95669459022609e-01
     2.85000000000159e+00      2.78269663710015e-01      6.58599219414042e-01
     2.86000000000161e+00      4.41107665154192e-01      7.27516020755620e-01
     2.87000000000163e+00      5.97984328305122e-01      6.99057938284074e-01
     2.88000000000165e+00      6.88310217060462e-01      4.07270258751681e-01
     2.89000000000167e+00     -3.02637385279876e-01     -5.25999184799171e-01
     2.90000000000170e+00     -1.23863849306376e+00     -1.29620963734733e+00
     2.91000000000172e+00     -1.84768594613651e+00     -1.75617135258406e+00
     2.92000000000174e+00     -2.04948882065160e+00     -1.85661635813583e+00
     2.93000000000176e+00     -1.09890381472759e+00     -1.63928446944405e+00
     2.94000000000178e+00     -1.28526289469036e+00     -1.21043614557926e+00
     2.95000000000180e+00     -1.08891191354948e+00     -7.04506199983248e-01
     2.96000000000182e+00     -4.48334067032085e-01     -2.48064784700457e-01
     2.97000000000184e+00      5.62880979057247e-02      6.77102214700142e-02
     2.98000000000186e+00      3.38284174025669e-01      2.01323101784736e-01
     2.99000000000189e+00      3.78636331451001e-01      1.61200224153555e-01
     3.00000000000191e+00      2.17724574763982e-01     -5.56033485518915e-03
     3.01000000000193e+00     -6.50098627394004e-02     -2.31212124111630e-01
     3.02000000000195e+00     -1.58054794864998e-01     -4.46764496442624e-01
     3.03000000000197e+00     -2.81140931964968e-01     -5.98062377856164e-01
     3.04000000000199e+00     -4.44236269829459e-01     -6.55474031396718e-01
     3.05000000000201e+00     -6.00519412917871e-01     -6.16155333734414e-01
     3.06000000000203e+00     -6.88599125495855e-01     -3.06442184562115e-01
     3.07000000000205e+00      3.15204968482793e-01      6.34574393782767e-01
     3.08000000000208e+00      1.24869298163413e+00      1.40975797802171e+00
     3.09000000000210e+00      1.85341616285053e+00      1.87290878089449e+00
     3.10000000000212e+00      2.05041091318271e+00      1.97583886725163e+00
     3.11000000000214e+00      1.10240738942384e+00      1.76118857251004e+00
     3.12000000000216e+00      1.28675161300235e+00      1.33576178852005e+00
     3.13000000000218e+00      1.08111490185318e+00      8.34117723207457e-01
     3.14000000000220e+00      4.41332626395587e-01      3.82578248058209e-01
     3.15000000000222e+00     -6.10161276613012e-02      7.18241856670322e-02
     3.16000000000224e+00     -3.40060559049540e-01     -5.72359718181480e-02
     3.17000000000227e+00     -3.77589163210398e-01     -1.35554883688242e-02
     3.18000000000229e+00     -2.14608883798732e-01      1.55410384051570e-01
     3.19000000000231e+00      6.91018449381288e-02      3.81778591690501e-01
     3.20000000000233e+00      1.59402105371624e-01      5.96633995077383e-01
     3.21000000000235e+00      2.83268221968654e-01      7.46054324721651e-01
     3.22000000000237e+00      4.46615924704992e-01      8.00717953778580e-01
     3.23000000000239e+00      6.02559198173519e-01      7.58086007787046e-01
     3.24000000000241e+00      6.88823505416353e-01      4.36638011979380e-01
     3.25000000000243e+00     -3.25842693070969e-01     -5.07331430736020e-01
     3.26000000000246e+00     -1.25688345560251e+00     -1.28409886936292e+00
     3.27000000000248e+00     -1.85766178688409e+00     -1.74837614427241e+00
     3.28000000000250e+00     -2.05039230100426e+00     -1.85294374612579e+00
     3.29000000000252e+00     -1.10499949345703e+00     -1.64122799765571e+00
     3.30000000000254e+00     -1.28758309485133e+00     -1.22048299126078e+00
     3.31000000000256e+00     -1.07389942014487e+00     -7.25334097006331e-01
     3.32000000000258e+00     -4.34826937455155e-01     -2.81833698472027e-01
     3.33000000000260e+00      6.55416945493048e-02      1.98265263747192e-02
     3.34000000000262e+00      3.42028753042479e-01      1.39302416855107e-01
     3.35000000000265e+00      3.77118710891966e-01      8.60521829158811e-02
     3.36000000000267e+00      2.12357300338011e-01     -9.21190741462095e-02
     3.37000000000269e+00     -7.21897066527581e-02     -3.27175732789716e-01
     3.38000000000271e+00     -1.60121694148204e-01     -5.50236360249804e-01
     3.39000000000273e+00     -2.84661889035707e-01     -7.07546934853395e-01
     3.40000000000275e+00     -4.48228821069012e-01     -7.70015640658512e-01
     3.41000000000277e+00     -6.03882559788479e-01     -7.35321480579406e-01
     3.42000000000279e+00     -6.87414776948423e-01     -4.05906698292935e-01
     3.43000000000281e+00      3.44075453265042e-01      5.27672325829997e-01
     3.44000000000284e+00      1.27001765791287e+00      1.29068884498888e+00
     3.45000000000286e+00      1.86356824568084e+00      1.73967143253080e+00
     3.46000000000288e+00      2.04897885698024e+00      1.82926782613531e+00
     3.47000000000290e+00      1.10920307501132e+00      1.60439313880967e+00
     3.48000000000292e+00      1.28880763872994e+00      1.17314911040817e+00
     3.49000000000294e+00      1.06205770661217e+00      6.70300453671371e-01
     3.50000000000296e+00      4.24432340934574e-01      2.21437931339008e-01
     3.51000000000298e+00     -7.24994160921709e-02     -8.40846279957248e-02
     3.52000000000300e+00     -3.44728662518205e-01     -2.06868403706492e-01
     3.53000000000302e+00     -3.75878634099306e-01     -1.57181514246671e-01
     3.54000000000305e+00     -2.08348278906553e-01      1.66626627746910e-02
     3.55000000000307e+00      7.73714464836110e-02      2.46487497550980e-01
     3.56000000000309e+00      1.61490279834721e-01      4.63606537420449e-01
     3.57000000000311e+00      2.87016726690416e-01      6.14693723231974e-01
     3.58000000000313e+00      4.50804667783248e-01      6.71180398466052e-01
     3.59000000000315e+00      6.05854018374414e-01      6.31229404027753e-01
     3.60000000000317e+00      6.87067524888242e-01      2.89532345123732e-01
     3.61000000000319e+00     -3.56853667998746e-01     -6.46065205031745e-01
     3.62000000000321e+00     -1.28015598693164e+00     -1.40838629347788e+00
     3.63000000000324e+00     -1.86933113503298e+00     -1.85498495640148e+00
     3.64000000000326e+00     -2.04994952817715e+00     -1.94161054051386e+00
     3.65000000000328e+00     -1.11293093463264e+00     -1.71408950013406e+00
     3.66000000000330e+00     -1.29048106578085e+00     -1.28107197575554e+00
     3.67000000000332e+00     -1.05447945342763e+00     -7.77451336719819e-01
     3.68000000000334e+00     -4.17705555399473e-01     -3.28577771500186e-01
     3.69000000000336e+00      7.69395278588830e-02     -2.33215687548328e-02
     3.70000000000338e+00      3.46248765235221e-01      9.94859972827262e-02
     3.71000000000340e+00      3.74643294331431e-01      5.06154868784196e-02
     3.72000000000343e+00      2.05133777021170e-01     -1.21289277954383e-01
     3.73000000000345e+00     -8.14689332908729e-02     -3.47941224725812e-01
     3.74000000000347e+00     -1.62945770333148e-01     -5.60752505075171e-01
     3.75000000000349e+00     -2.89184676359851e-01     -7.06648253883036e-01
     3.76000000000351e+00     -4.53150750483214e-01     -7.57383020426458e-01
     3.77000000000353e+00     -6.07790337423897e-01     -7.11433095446957e-01
     3.78000000000355e+00     -6.85952065366634e-01     -3.47540543838238e-01
     3.79000000000357e+00      3.75234132594795e-01      5.91986202831913e-01
     3.80000000000359e+00      1.29335286917562e+00      1.35505853655801e+00
     3.81000000000362e+00      1.87519415489210e+00      1.80099262338775e+00
     3.82000000000364e+00      2.04840491345723e+00      1.88734318464299e+00
     3.83000000000366e+00      1.11705093017204e+00      1.66135644882856e+00
     3.84000000000368e+00      1.29157513612649e+00      1.23245597898745e+00
     3.85000000000370e+00      1.04250158243013e+00      7.35598085130364e-01
     3.86000000000372e+00      4.07307670182379e-01      2.95596051088999e-01
     3.87000000000374e+00     -8.37493758036636e-02      4.10968533444134e-04
     3.88000000000376e+00     -3.48659465266365e-01     -1.12136795278264e-01
     3.89000000000378e+00     -3.73003489096462e-01     -5.36868077976454e-02
     3.90000000000381e+00     -2.00655740794453e-01      1.26555845672955e-01
     3.91000000000383e+00      8.71482825972500e-02      3.60115136415137e-01
     3.92000000000385e+00      1.64663189039088e-01      5.78553926020924e-01
     3.93000000000387e+00      2.91949848276230e-01      7.29183480404359e-01
     3.94000000000389e+00      4.56179006876917e-01      7.84241300719629e-01
     3.95000000000391e+00      6.10235627621089e-01      7.42648686684887e-01
     3.96000000000393e+00      6.84239561968997e-01      3.75359391758745e-01
     3.97000000000395e+00     -3.87469685932162e-01     -5.58006155611680e-01
     3.98000000000397e+00     -1.30291273558316e+00     -1.31302068002815e+00
     3.99000000000400e+00     -1.88034607200027e+00     -1.75005642780907e+00
     4.00000000000402e+00     -2.04873805608610e+00     -1.82778880051935e+00
     4.01000000000399e+00     -1.12022031687705e+00     -1.59438454524952e+00
     4.02000000000397e+00     -1.29264347374373e+00     -1.15981759063226e+00
     4.03000000000395e+00     -1.03420772172728e+00     -6.59170557831757e-01
     4.04000000000392e+00     -3.99887301850447e-01     -2.17011918163934e-01
     4.05000000000390e+00      8.88573944844425e-02      7.91854326350032e-02
     4.06000000000388e+00      3.50824801171274e-01      1.92173367621299e-01
     4.07000000000385e+00      3.72397739891067e-01      1.34099212401491e-01
     4.08000000000383e+00      1.98063198213823e-01     -4.54943473214906e-02
     4.09000000000381e+00     -9.06251418416531e-02     -2.78010413322209e-01
     4.10000000000378e+00     -1.65492434537666e-01     -4.95095502347758e-01
     4.11000000000376e+00     -2.93500751369774e-01     -6.44291813797514e-01
     4.12000000000374e+00     -4.57914418689487e-01     -6.98134283512817e-01
     4.13000000000371e+00     -6.11566047861482e-01     -6.55826741860310e-01
     4.14000000000369e+00     -6.64211319047576e-01     -2.72338999094419e-01
     4.15000000000367e+00      4.06273480421322e-01      6.58173722909385e-01
     4.16000000000364e+00      1.31643971019977e+00      1.40657152520990e+00
     4.17000000000362e+00      1.88649557389464e+00      1.83503810490577e+00
     4.18000000000360e+00      2.04747956124016e+00      1.90409139238351e+00
     4.19000000000357e+00      1.12477531881281e+00      1.66334674106465e+00
     4.20000000000355e+00      1.29411800802403e+00      1.22357746579555e+00
     4.21000000000353e+00      1.02254229587446e+00      7.19957683293100e-01
     4.22000000000350e+00      3.89835164732570e-01      2.76554265131681e-01
     4.23000000000348e+00     -9.53142127279816e-02     -2.00249435089046e-02
     4.24000000000346e+00     -3.52907012516746e-01     -1.33489860864231e-01
     4.25000000000343e+00     -3.70483364700126e-01     -7.67972007235300e-02
     4.26000000000341e+00     -1.93385248953349e-01      1.00012407853187e-01
     4.27000000000339e+00      9.64207532822315e-02      3.28216826160712e-01
     4.28000000000336e+00      1.67424988461208e-01      5.39674587308346e-01
     4.29000000000334e+00      2.96414413016789e-01      6.82371109193630e-01
     4.30000000000332e+00      4.61013419260482e-01      7.29376510149341e-01
     4.31000000000329e+00      6.14002860271553e-01      6.80387413080286e-01
     4.32000000000327e+00      6.51910333715211e-01      2.82631187273991e-01
     4.33000000000325e+00     -4.18666381434245e-01     -6.52329352975729e-01
     4.34000000000322e+00     -1.32608187680123e+00     -1.40305161982136e+00
     4.35000000000320e+00     -1.89170083022111e+00     -1.83273662790210e+00
     4.36000000000318e+00     -2.04788951159237e+00     -1.90297727072119e+00
     4.37000000000315e+00     -1.12806639424194e+00     -1.66425914980173e+00
     4.38000000000313e+00     -1.29532274614274e+00     -1.22785461733402e+00
     4.39000000000311e+00     -1.01462978737613e+00     -7.29015335441996e-01
     4.40000000000308e+00     -3.82888324053326e-01     -2.91520084015918e-01
     4.41000000000306e+00      9.98869340840741e-02     -1.45243612440163e-03
     4.42000000000304e+00      3.54508402401351e-01      1.05498273761704e-01
     4.43000000000301e+00      3.69313291937999e-01      4.28182490276187e-02
     4.44000000000299e+00      1.90246399124853e-01     -1.39097789008521e-01
     4.45000000000297e+00     -1.00419199374106e-01     -3.71393808353081e-01
     4.46000000000294e+00     -1.68749642296794e-01     -5.86000897624398e-01
     4.47000000000292e+00     -2.98468839977565e-01     -7.31125237747555e-01
     4.48000000000290e+00     -4.63256332654978e-01     -7.80124826932855e-01
     4.49000000000287e+00     -6.15843717127688e-01     -7.32970195666770e-01
     4.50000000000285e+00     -6.41051547646624e-01     -3.28993822132976e-01
     4.51000000000283e+00      4.29311467384615e-01      6.02889508127472e-01
     4.52000000000280e+00      1.33407509718999e+00      1.34895685789019e+00
     4.53000000000278e+00      1.89566035254031e+00      1.77337057388704e+00
     4.54000000000276e+00      2.04761029095877e+00      1.83871586705921e+00
     4.55000000000273e+00      1.13065247891672e+00      1.59626912846990e+00
     4.56000000000271e+00      1.29609421752902e+00      1.15774859618700e+00
     4.57000000000269e+00      1.00754177110123e+00      6.58468957739519e-01
     4.58000000000266e+00      3.76662999912095e-01      2.21945707471421e-01
     4.59000000000264e+00     -1.04043218354016e-01     -6.62066669102184e-02
     4.60000000000262e+00     -3.56091926572038e-01     -1.70828764982853e-01
     4.61000000000259e+00     -3.68507344465227e-01     -1.05865950060218e-01
     4.62000000000257e+00     -1.87751065580069e-01      7.79892817411649e-02
     4.63000000000255e+00      1.03644052522601e-01      3.11780978666814e-01
     4.64000000000252e+00      1.69669386812203e-01      5.27522219577964e-01
     4.65000000000250e+00      3.00015622129865e-01      6.73628147123759e-01
     4.66000000000248e+00      4.64962600187637e-01      7.23718624358215e-01
     4.67000000000245e+00      6.17201672832998e-01      6.78006305032183e-01
     4.68000000000243e+00      6.21682805814896e-01      2.59810124393909e-01
     4.69000000000241e+00     -4.47140654194654e-01     -6.67313693204870e-01
     4.70000000000238e+00     -1.34650076884204e+00     -1.40514707554791e+00
     4.71000000000236e+00     -1.90076179839986e+00     -1.81967342650669e+00
     4.72000000000234e+00     -2.04548925798202e+00     -1.87530277557169e+00
     4.73000000000232e+00     -1.13454911704406e+00     -1.62472495407953e+00
     4.74000000000229e+00     -1.29694398578594e+00     -1.18041678202138e+00
     4.75000000000227e+00     -9.95728658901890e-01     -6.77748701185168e-01
     4.76000000000225e+00     -3.66553150729819e-01     -2.39711268471282e-01
     4.77000000000222e+00      1.10570682261161e-01      4.89540884658787e-02
     4.78000000000220e+00      3.58337396741366e-01      1.54040032771714e-01
     4.79000000000218e+00      3.66890909817373e-01      9.02858386306530e-02
     4.80000000000215e+00      1.83507123939656e-01     -9.11369967276225e-02
     4.81000000000213e+00     -1.08902047477905e-01     -3.21163795855872e-01
     4.82000000000211e+00     -1.71198343192583e-01     -5.32029318665335e-01
     4.83000000000208e+00     -3.02472862283591e-01     -6.72592535463739e-01
     4.84000000000206e+00     -4.67567989753792e-01     -7.17000158052170e-01
     4.85000000000204e+00     -6.19135653955218e-01     -6.65942338119189e-01
     4.86000000000201e+00     -6.09060977907426e-01     -2.34981266994360e-01
     4.87000000000199e+00      4.59668017136045e-01      6.94875238938953e-01
     4.88000000000197e+00      1.35616073700795e+00      1.43322440088150e+00
     4.89000000000194e+00      1.90594671060439e+00      1.84708507448599e+00
     4.90000000000192e+00      2.04590816998335e+00      1.90194763989633e+00
     4.91000000000190e+00      1.13800900613093e+00      1.65136829304799e+00
     4.92000000000187e+00      1.29828720560596e+00      1.20831477576323e+00
     4.93000000000185e+00      9.88031581768010e-01      7.08227871911820e-01
     4.94000000000183e+00      3.59877334340878e-01      2.73807793790994e-01
     4.95000000000180e+00     -1.14862305863389e-01     -1.07234057029395e-02
     4.96000000000178e+00     -3.59692979581794e-01     -1.11746902617558e-01
     4.97000000000176e+00     -3.65545186184628e-01     -4.45133964092059e-02
     4.98000000000173e+00     -1.80281106108518e-01      1.39472864874655e-01
     4.99000000000171e+00      1.12653518936731e-01      3.71035097886727e-01
     5.00000000000169e+00      1.72620423047356e-01      5.82500430389311e-01
     5.01000000000166e+00      3.04561333908644e-01      7.22964888775200e-01
     5.02000000000164e+00      4.69777181378231e-01      7.66875350049664e-01
     5.03000000000162e+00      6.20881260993351e-01      7.15204622431653e-01
     5.04000000000159e+00      5.89363920294495e-01      2.67547484146956e-01
     5.05000000000157e+00     -4.77793818606697e-01     -6.60328913108579e-01
     5.06000000000155e+00     -1.36879177957100e+00     -1.39365480028866e+00
     5.07000000000152e+00     -1.91114291109110e+00     -1.80126394901184e+00
     5.08000000000150e+00     -2.04378889436847e+00     -1.85045609843108e+00
     5.09000000000148e+00     -1.14197137796337e+00     -1.59617624275669e+00
     5.10000000000145e+00     -1.29914364229191e+00     -1.15211877948978e+00
     5.11000000000143e+00     -9.76166177113519e-01     -6.53743962534337e-01
     5.12000000000141e+00     -3.49835247219971e-01     -2.23189546569772e-01
     5.13000000000138e+00      1.21185021751285e-01      5.62316353295296e-02
     5.14000000000136e+00      3.61608022078947e-01      1.51886017456790e-01
     5.15000000000134e+00      3.63504696594188e-01      7.98479781157889e-02
     5.16000000000131e+00      1.75561450741181e-01     -1.07872349978375e-01
     5.17000000000129e+00     -1.13029620907269e-01     -3.41964256136819e-01
     5.18000000000127e+00     -1.74522063352978e-01     -5.54951597808277e-01
     5.19000000000124e+00     -3.07432005125583e-01     -6.96348270597617e-01
     5.20000000000122e+00     -4.72815206692135e-01     -7.41100239745917e-01
     5.21000000000120e+00     -6.23246235301615e-01     -6.90628044395036e-01
     5.22000000000117e+00     -5.77128658576141e-01     -2.36744208696118e-01
     5.23000000000115e+00      4.89894919784082e-01      6.87322112879511e-01
     5.24000000000113e+00      1.37798566854644e+00      1.41472109560400e+00
     5.25000000000110e+00      1.91582906327424e+00      1.81535591237686e+00
     5.26000000000108e+00      2.04368828923262e+00      1.85763240030355e+00
     5.27000000000106e+00      1.14497692198981e+00      1.59738118039848e+00
     5.28000000000103e+00      1.29999669540866e+00      1.14880300167213e+00
     5.29000000000101e+00      9.67933923370378e-01      6.47442838837974e-01
     5.30000000000099e+00      3.42660624883208e-01      2.15163655842896e-01
     5.31000000000096e+00     -1.25939681723832e-01     -6.52231176039595e-02
     5.32000000000094e+00     -3.63397996599555e-01     -1.61651902528901e-01
     5.33000000000092e+00     -3.62575048448620e-01     -9.06862332160132e-02
     5.34000000000089e+00     -1.72743302452466e-01      9.53536050896125e-02
     5.35000000000087e+00      1.12978847634414e-01      3.27066128378710e-01
     5.36000000000085e+00      1.75520865850991e-01      5.37086240184172e-01
     5.37000000000082e+00      3.09110588624487e-01      6.75180002866025e-01
     5.38000000000080e+00      4.74624488680397e-01      7.16604764357199e-01
     5.39000000000078e+00      6.24599668435906e-01      6.63071265159326e-01
     5.40000000000075e+00      5.57107194032633e-01      1.90442822951221e-01
     5.41000000000073e+00     -5.08216498442790e-01     -7.33208840453922e-01
     5.42000000000071e+00     -1.39072871139934e+00     -1.45680870086603e+00
     5.43000000000068e+00     -1.92110330079512e+00     -1.85208024929401e+00
     5.44000000000066e+00     -2.04165531217607e+00     -1.88923177287740e+00
     5.45000000000064e+00     -1.14916127025941e+00     -1.62546775232818e+00
     5.46000000000061e+00     -1.30102659780902e+00     -1.17569834975644e+00
     5.47000000000059e+00     -9.56206911753323e-01     -6.75474043414011e-01
     5.48000000000057e+00     -3.32793551596664e-01     -2.46088821641335e-01
     5.49000000000054e+00      1.32077090622335e-01      3.05521166244438e-02
     5.50000000000052e+00      3.65148051459157e-01      1.23356101727436e-01
     5.51000000000050e+00      3.60416957370963e-01      4.96905614279311e-02
     5.52000000000047e+00      1.67971361058851e-01     -1.37642611758326e-01
     5.53000000000045e+00     -1.13458741918392e-01     -3.69133657976208e-01
     5.54000000000043e+00     -1.77486848810422e-01     -5.77638672930230e-01
     5.55000000000040e+00     -3.11991392579617e-01     -7.13363317869352e-01
     5.56000000000038e+00     -4.77610224407244e-01     -7.52082644726534e-01
     5.57000000000036e+00     -6.26850339390888e-01     -6.95971257631617e-01
     5.58000000000033e+00     -5.44592881923366e-01     -2.13132970223974e-01
     5.59000000000031e+00      5.20498548124851e-01      7.10844937754183e-01
     5.60000000000029e+00      1.40003304795511e+00      1.43286059174387e+00
     5.61000000000026e+00      1.92587347876071e+00      1.82569000540527e+00
     5.62000000000024e+00      2.04165937490764e+00      1.86062151635296e+00
     5.63000000000022e+00      1.15232547236915e+00      1.59571250375216e+00
     5.64000000000019e+00      1.30204290522504e+00      1.14634356923202e+00
     5.65000000000017e+00      9.48322472605574e-01      6.48114358078818e-01
     5.66000000000015e+00      3.26040802714000e-01      2.22011663325661e-01
     5.67000000000012e+00     -1.36364247837683e-01     -5.05884102913145e-02
     5.68000000000010e+00     -3.66455552253095e-01     -1.39183925138105e-01
     5.69000000000008e+00     -3.59015734561213e-01     -6.16501470766144e-02
     5.70000000000005e+00     -1.64709011902535e-01      1.28884696050372e-01
     5.71000000000003e+00      1.13816090558962e-01      3.62804650039444e-01
     5.72000000000001e+00      1.78896211895113e-01      5.73060738481229e-01
     5.72999999999998e+00      3.14075111773455e-01      7.10093097124560e-01
     5.73999999999996e+00      4.79814683041200e-01      7.49968712054173e-01
     5.74999999999994e+00      6.28588461129977e-01      6.95131627761282e-01
     5.75999999999991e+00      5.24969694722172e-01      1.97732767374548e-01
     5.76999999999989e+00     -5.38290476852976e-01     -7.21746413429802e-01
     5.77999999999987e+00     -1.41216933237762e+00     -1.43613573250339e+00
     5.78999999999984e+00     -1.93052740961547e+00     -1.82005304384940e+00
     5.79999999999982e+00     -2.03904949325193e+00     -1.84659519617330e+00
     5.80999999999980e+00     -1.15603615374278e+00     -1.57518838884446e+00
     5.81999999999977e+00     -1.30258848718670e+00     -1.12191230261584e+00
     5.82999999999975e+00     -9.36279367528557e-01     -6.22362100858152e-01
     5.83999999999973e+00     -3.15939235330670e-01     -1.96950173668742e-01
     5.84999999999970e+00      1.42687550473615e-01      7.38524018692528e-02
     5.85999999999968e+00      3.68376734101058e-01      1.60508910292732e-01
     5.86999999999966e+00      3.57040498638532e-01      8.16862611288118e-02
     5.87999999999963e+00      1.60145863426521e-01     -1.09019596257952e-01
     5.88999999999961e+00     -1.14052007811679e-01     -3.41896879726850e-01
     5.89999999999959e+00     -1.80627791660857e-01     -5.50126328032450e-01
     5.90999999999956e+00     -3.16726742987675e-01     -6.84590837663577e-01
     5.91999999999954e+00     -4.82576183391435e-01     -7.21872652323106e-01
     5.92999999999952e+00     -6.30623900614582e-01     -6.64872408876185e-01
     5.93999999999950e+00     -5.12358019712914e-01     -1.57980584004821e-01
     5.94999999999947e+00      5.50576161158277e-01      7.60784245781290e-01
     5.95999999999945e+00      1.42141340134020e+00      1.47230537851834e+00
     5.96999999999943e+00      1.93520639842567e+00      1.85226723942972e+00
     5.97999999999940e+00      2.03895946862249e+00      1.87485319248238e+00
     5.98999999999938e+00      1.15921042799256e+00      1.60034357834647e+00
     5.99999999999936e+00      1.30357482505177e+00      1.14528788319549e+00
     6.00999999999933e+00      9.28315429085718e-01      6.45331289926107e-01
     6.01999999999931e+00      3.09128262663405e-01      2.20583924334838e-01
     6.02999999999929e+00     -1.47029666291919e-01     -4.90018678129110e-02
     6.03999999999926e+00     -3.69756602832383e-01     -1.34464290286056e-01
     6.04999999999924e+00     -3.55746945096852e-01     -5.49579185213440e-02
     6.05999999999922e+00     -1.57037778223777e-01      1.35617733593969e-01
     6.06999999999919e+00      1.14298918643095e-01      3.67468137890665e-01
     6.07999999999917e+00      1.81896862959749e-01      5.73891456983631e-01
     6.08999999999915e+00      3.18630948947389e-01      7.06025567426619e-01
     6.09999999999912e+00      4.84557514905471e-01      7.40762824829304e-01
     6.10999999999910e+00      6.32097178440577e-01      6.81289447599236e-01
     6.11999999999908e+00      5.00965586392154e-01      1.64136536951954e-01
     6.12999999999905e+00     -5.61381150902728e-01     -7.55151609884286e-01
     6.13999999999903e+00     -1.42931113127492e+00     -1.46548295901456e+00
     6.14999999999901e+00     -1.93897329684282e+00     -1.84350889083928e+00
     6.16009999999898e+00     -2.03756927400973e+00     -1.86293087511589e+00
     6.17009999999896e+00     -1.16423503097848e+00     -1.58523117851422e+00
     6.18009999999894e+00     -1.30494349324132e+00     -1.12965877042054e+00
     6.19009999999891e+00     -9.15084853363567e-01     -6.31867406194730e-01
     6.20009999999889e+00     -2.98044249786990e-01     -2.11359484899228e-01
     6.21009999999887e+00      1.53822003795402e-01      5.28844623123489e-02
     6.22009999999884e+00      3.71503747560530e-01      1.32949773162516e-01
     6.23009999999882e+00      3.53000627305862e-01      4.88611417916140e-02
     6.24009999999880e+00      1.51285449313440e-01     -1.44953658379917e-01
     6.25009999999877e+00     -1.15109120131321e-01     -3.78569552055944e-01
     6.26009999999875e+00     -1.84443935006621e-01     -5.85506214798797e-01
     6.27009999999873e+00     -3.22251567166841e-01     -7.17357298882677e-01
     6.28009999999870e+00     -4.88310009629073e-01     -7.51555690944051e-01
     6.29009999999868e+00     -6.35003666081431e-01     -6.91771857202855e-01
     6.30009999999866e+00     -4.71071201100917e-01     -1.50703251005092e-01
     6.31009999999863e+00      5.88301239684519e-01      7.63617831459148e-01
     6.32009999999861e+00      1.44748863622422e+00      1.46431406792587e+00
     6.33009999999859e+00      1.94570145022080e+00      1.83084636607984e+00
     6.34009999999856e+00      2.03422979400771e+00      1.84109736499125e+00
     6.35009999999854e+00      1.16741691570903e+00      1.55813487695250e+00
     6.36009999999852e+00      1.30500594229839e+00      1.09991367029230e+00
     6.37009999999849e+00      9.03142474441717e-01      6.02035905486898e-01
     6.38009999999847e+00      2.88155931414448e-01      1.83398470111776e-01
     6.39009999999845e+00     -1.59935854717007e-01     -7.79352441912997e-02
     6.40009999999842e+00     -3.73310726558103e-01     -1.55010821179859e-01
     6.41009999999840e+00     -3.51056508100959e-01     -6.86279894741057e-02
     6.42009999999838e+00     -1.46903487076399e-01      1.26338912448286e-01
     6.43009999999835e+00      1.15241849709866e-01      3.59887901178516e-01
     6.44009999999833e+00      1.86017765434657e-01      5.65780072219327e-01
     6.45009999999831e+00      3.24688294446946e-01      6.96053965181084e-01
     6.46009999999828e+00      4.90814495012208e-01      7.28650584228273e-01
     6.47009999999826e+00      6.36768872393260e-01      6.67683002253484e-01
     6.48009999999824e+00      4.58387794223179e-01      1.18091319878442e-01
     6.49009999999821e+00     -6.00452740003519e-01     -7.94525019587218e-01
     6.50009999999819e+00     -1.45647518825488e+00     -1.49146326525287e+00
     6.51009999999817e+00     -1.95009164544368e+00     -1.85326234578122e+00
     6.52009999999814e+00     -2.03389835675859e+00     -1.85888684018685e+00
     6.53009999999812e+00     -1.17051318650588e+00     -1.57224274200559e+00
     6.54009999999810e+00     -1.30588981324300e+00     -1.11173360262682e+00
     6.55009999999807e+00     -8.95230548475886e-01     -6.12991757817347e-01
     6.56009999999805e+00     -2.81472844864455e-01     -1.94597906446546e-01
     6.57009999999803e+00      1.64127947045505e-01      6.59088619436094e-02
     6.58009999999800e+00      3.74570409934514e-01      1.42146270847072e-01
     6.59009999999798e+00      3.49711136343749e-01      5.53925716757660e-02
     6.60009999999796e+00      1.43830591570953e-01     -1.39186693694486e-01
     6.61009999999793e+00     -1.15495816785551e-01     -3.71519007328702e-01
     6.62009999999791e+00     -1.87253627061314e-01     -5.75492174633378e-01
     6.63009999999789e+00     -3.26506989242395e-01     -7.03404418843178e-01
     6.64009999999786e+00     -4.92656208346632e-01     -7.33506611672384e-01
     6.65009999999784e+00     -6.38057341830127e-01     -6.70192986289307e-01
     6.66009999999782e+00     -4.38221900219139e-01     -1.02523564724738e-01
     6.67009999999779e+00      6.18388772591075e-01      8.08851779386884e-01
     6.68009999999777e+00      1.46850887867182e+00      1.50149923747715e+00
     6.69009999999775e+00      1.95458055006662e+00      1.85779970173320e+00
     6.70009999999772e+00      2.03122880439205e+00      1.85848909504267e+00
     6.71009999999770e+00      1.17445601862409e+00      1.56877995819151e+00
     6.72009999999768e+00      1.30663205705208e+00      1.10770335784545e+00
     6.73009999999765e+00      8.83817587144855e-01      6.10821450052028e-01
     6.74009999999763e+00      2.72212631301329e-01      1.96091857841997e-01
     6.75009999999761e+00     -1.69503485012908e-01     -5.98776471366459e-02
     6.76009999999758e+00     -3.75547113852910e-01     -1.31674500089313e-01
     6.77009999999756e+00     -3.46883833616994e-01     -4.13565588336107e-02
     6.78009999999754e+00     -1.38560313545531e-01      1.55463601586964e-01
     6.79009999999751e+00      1.16429097443339e-01      3.88638793812248e-01
     6.80009999999749e+00      1.89639936718633e-01      5.92301619036546e-01
     6.81009999999747e+00      3.29740428088524e-01      7.19198350884227e-01
     6.82009999999744e+00      4.95913268309663e-01      7.48090066658597e-01
     6.83009999999742e+00      6.40508378023382e-01      6.83814350341957e-01
     6.84009999999740e+00      4.25949482960219e-01      1.07688223635926e-01
     6.85009999999737e+00     -6.30083974846835e-01     -8.02049749565480e-01
     6.86009999999735e+00     -1.47699626337279e+00     -1.49120223883844e+00
     6.87009999999733e+00     -1.95844970046115e+00     -1.84322905356016e+00
     6.88009999999730e+00     -2.03038608528095e+00     -1.83994100582621e+00
     6.89009999999728e+00     -1.17705487720562e+00     -1.54737586119672e+00
     6.90009999999726e+00     -1.30702932745521e+00     -1.08499746776635e+00
     6.91009999999723e+00     -8.75620087872889e-01     -5.88381989148345e-01
     6.92009999999721e+00     -2.65333566374738e-01     -1.75156767943141e-01
     6.93009999999719e+00      1.73813520537548e-01      7.86055238386274e-02
     6.94009999999716e+00      3.76863205600611e-01      1.48071849920366e-01
     6.95009999999714e+00      3.45550066178812e-01      5.57833714155009e-02
     6.96009999999712e+00      1.35467342859233e-01     -1.42352609129034e-01
     6.97009999999709e+00     -1.16588841260800e-01     -3.76114621577241e-01
     6.98009999999707e+00     -1.90835829669076e-01     -5.79756769295885e-01
     6.99009999999705e+00     -3.31573481471338e-01     -7.06277600531241e-01
     7.00009999999702e+00     -4.97821726254940e-01     -7.34738290812484e-01
     7.01009999999700e+00     -6.41912517009593e-01     -6.70245817598227e-01
     7.02009999999698e+00     -4.06127474619042e-01     -7.82552754656232e-02
     7.03009999999695e+00      6.47568069180952e-01      8.27917566212571e-01
     7.04009999999693e+00      1.48851698727285e+00      1.51047820716535e+00
     7.05009999999691e+00      1.96240788203703e+00      1.85474374821245e+00
     7.06009999999688e+00      2.02719885035051e+00      1.84429795130086e+00
     7.07009999999686e+00      1.18061270005606e+00      1.54647757137953e+00
     7.08009999999684e+00      1.30733082513634e+00      1.08136303174198e+00
     7.09009999999681e+00      8.63691188546340e-01      5.84451435638102e-01
     7.10009999999679e+00      2.55579678653111e-01      1.72744135981712e-01
     7.11009999999677e+00     -1.79680393510096e-01     -7.86127070936770e-02
     7.12009999999674e+00     -3.78350725798778e-01     -1.45743654769132e-01
     7.13009999999672e+00     -3.43270746271177e-01     -5.19521402123009e-02
     7.14009999999670e+00     -1.30791791210312e-01      1.46427072780291e-01
     7.15009999999667e+00      1.16977994132066e-01      3.79116619309751e-01
     7.16009999999665e+00      1.92650941495606e-01      5.80630986734679e-01
     7.17009999999663e+00      3.34200965286310e-01      7.04427852450419e-01
     7.18009999999660e+00      5.00435875376250e-01      7.30085008615140e-01
     7.19009999999658e+00      6.43688215373883e-01      6.63155347036775e-01
     7.20009999999656e+00      3.93155587101164e-01      6.13676194452319e-02
     7.21009999999653e+00     -6.59861885561840e-01     -8.44356446212951e-01
     7.22009999999651e+00     -1.49753084592248e+00     -1.52451823398974e+00
     7.23009999999649e+00     -1.96676890263087e+00     -1.86551404333715e+00
     7.24009999999647e+00     -2.02684886910044e+00     -1.85199495763540e+00
     7.25009999999644e+00     -1.18378857237331e+00     -1.55211012473476e+00
     7.26009999999642e+00     -1.30827769731534e+00     -1.08635810732600e+00
     7.27009999999640e+00     -8.56060587166157e-01     -5.90236933841353e-01
     7.28009999999637e+00     -2.49298660231977e-01     -1.80408682702335e-01
     7.29009999999635e+00      1.83386549926403e-01      6.85192277705165e-02
     7.30009999999633e+00      3.79085421739999e-01      1.33249234825800e-01
     7.31009999999630e+00      3.41402771083543e-01      3.75622491372943e-02
     7.32009999999628e+00      1.27228304966144e-01     -1.61920504119428e-01
     7.33009999999626e+00     -1.17656157457247e-01     -3.94856246777962e-01
     7.34009999999623e+00     -1.94323055598546e-01     -5.95888936900602e-01
     7.35009999999621e+00     -3.36453504512602e-01     -7.18734700798945e-01
     7.36009999999619e+00     -5.02698800723357e-01     -7.43275612831300e-01
     7.37009999999616e+00     -6.45381389896694e-01     -6.75336562776142e-01
     7.38009999999614e+00     -3.81980414861765e-01     -6.48224253260184e-02
     7.39009999999612e+00      6.70155337933722e-01      8.39757016693358e-01
     7.40009999999609e+00      1.50473037913156e+00      1.51717085588283e+00
     7.41009999999607e+00      1.96978354887597e+00      1.85480159121972e+00
     7.42009999999605e+00      2.02575040538995e+00      1.83825673739660e+00
     7.43009999999602e+00      1.18607486965765e+00      1.53639793061112e+00
     7.44009999999600e+00      1.30866769413154e+00      1.07007383081917e+00
     7.45009999999598e+00      8.49264078677134e-01      5.74756793140173e-01
     7.46009999999595e+00      2.43738031566193e-01      1.66782659478027e-01
     7.47009999999593e+00     -1.86670737830537e-01     -7.97378791585211e-02
     7.48009999999591e+00     -3.79767970514472e-01     -1.42029564192297e-01
     7.49009999999588e+00     -3.39815254916677e-01     -4.42974096119840e-02
     7.50009999999586e+00     -1.24160828446226e-01      1.56589661015358e-01
     7.51009999999584e+00      1.18150744848146e-01      3.90240763718193e-01
     7.52009999999581e+00      1.95712515494018e-01      5.91424440836081e-01
     7.53009999999579e+00      3.38383741146774e-01      7.14092592409871e-01
     7.54009999999577e+00      5.04680431716600e-01      7.38398697557646e-01
     7.55009999999574e+00      6.46915449385474e-01      6.70405006243366e-01
     7.56009999999572e+00      3.62914646442799e-01      4.41743997782110e-02
     7.57009999999570e+00     -6.86609945590387e-01     -8.56683058345876e-01
     7.58009999999567e+00     -1.51513955249017e+00     -1.52749790086452e+00
     7.59009999999565e+00     -1.97272353178696e+00     -1.85750689391092e+00
     7.60009999999563e+00     -2.02176111919973e+00     -1.83406292657212e+00
     7.61009999999560e+00     -1.18896587220639e+00     -1.52728514293361e+00
     7.62009999999558e+00     -1.30836444360405e+00     -1.05859520734256e+00
     7.63009999999556e+00     -8.37293608752575e-01     -5.63350817646766e-01
     7.64009999999553e+00     -2.34022845463233e-01     -1.57240534024897e-01
     7.65009999999551e+00      1.92520798442411e-01      8.65566076309653e-02
     7.66009999999549e+00      3.81334704898832e-01      1.46214169394451e-01
     7.67009999999546e+00      3.37745212746615e-01      4.66817709297182e-02
     7.68009999999544e+00      1.19817941542351e-01     -1.54764603498591e-01
     7.69009999999542e+00     -1.18281768544439e-01     -3.87695652279345e-01
     7.70009999999539e+00     -1.97227124371528e-01     -5.87150902342269e-01
     7.71009999999537e+00     -3.40672936302687e-01     -7.07543449839161e-01
     7.72009999999535e+00     -5.06937910504665e-01     -7.29537517851151e-01
     7.73009999999532e+00     -6.48345561866323e-01     -6.59629751005783e-01
     7.74009999999530e+00     -3.49867625478105e-01     -2.41675323787886e-02
     7.75009999999528e+00      6.98811930632673e-01      8.75629219414845e-01
     7.76009999999525e+00      1.52396838699294e+00      1.54347259142273e+00
     7.77009999999523e+00      1.97688179302370e+00      1.86968618407666e+00
     7.78009999999521e+00      2.02125017207615e+00      1.84268524217180e+00
     7.79009999999518e+00      1.19211891343228e+00      1.53338776138858e+00
     7.80009999999516e+00      1.30926148979302e+00      1.06361666420277e+00
     7.81009999999514e+00      8.29694792808165e-01      5.68715370132077e-01
     7.82009999999511e+00      2.27815734312918e-01      1.64023326915251e-01
     7.83009999999509e+00     -1.96155262893699e-01     -7.78218859883899e-02
     7.84009999999507e+00     -3.82040974825661e-01     -1.35567516227281e-01
     7.85009999999504e+00     -3.35920864144400e-01     -3.46313438819977e-02
     7.86009999999502e+00     -1.16382139277525e-01      1.67435986384017e-01
     7.87009999999500e+00      1.18901516315111e-01      4.00151302455556e-01
     7.88009999999497e+00      1.98791741198166e-01      5.98692690384692e-01
     7.89009999999495e+00      3.42758931724218e-01      7.17737079417850e-01
     7.90009999999493e+00      5.08974940398314e-01      7.38254460105812e-01
     7.91009999999490e+00      6.49763047588507e-01      6.67011768920736e-01
     7.92009999999488e+00      3.29869149999003e-01      1.45796676905163e-02
     7.93009999999486e+00     -7.16135140864881e-01     -8.82686335269807e-01
     7.94009999999483e+00     -1.53513194618967e+00     -1.54516513275832e+00
     7.95009999999481e+00     -1.98045871351133e+00     -1.86504038952680e+00
     7.96009999999479e+00     -9.20307446578862e-01     -1.83247060251383e+00
     7.97009999999476e+00     -1.19562088324204e+00     -1.51962175554687e+00
     7.98009999999474e+00     -1.30952278185911e+00     -1.04887498193945e+00
     7.99009999999472e+00     -8.18325760778594e-01     -5.55441923686498e-01
     8.00009999999469e+00     -2.18840916910807e-01     -1.53998248043513e-01
     8.01009999999467e+00      2.01123791198876e-01      8.37637183721107e-02
     8.02009999999465e+00      3.82610668304899e-01      1.37549521660326e-01
     8.03009999999462e+00      3.32781735023340e-01      3.35268233250341e-02
     8.04009999999460e+00      1.10947109348563e-01     -1.70344741350568e-01
     8.05009999999458e+00     -1.19976341733475e-01     -4.03543580272689e-01
     8.06009999999455e+00     -2.01291781226029e-01     -6.01519143938671e-01
     8.07009999999453e+00     -3.46050841013939e-01     -7.19409030017097e-01
     8.08009999999451e+00     -5.12226155005034e-01     -7.38691756348563e-01
     8.09009999999448e+00     -6.52155393632851e-01     -6.66564564049714e-01
     8.10009999999446e+00     -3.17648248715345e-01     -5.89775204609225e-03
     8.11009999999444e+00      7.27475840275568e-01      8.89341780913357e-01
     8.12009999999441e+00      1.54306840218128e+00      1.54797468521519e+00
     8.13009999999439e+00      1.98370936454255e+00      1.86327805578223e+00
     8.14009999999437e+00      9.24161586214231e-01      1.82647191507846e+00
     8.15009999999434e+00      1.19789830701438e+00      1.51051496561142e+00
     8.16009999999432e+00      1.30954285418467e+00      1.03818102315864e+00
     8.17009999999430e+00      8.09984189521590e-01      5.44659235738819e-01
     8.18009999999427e+00      2.11964129576849e-01      1.44270415471036e-01
     8.19009999999425e+00     -2.05360541268623e-01     -9.18367704734601e-02
     8.20009999999423e+00     -3.83861507597900e-01     -1.43940246383222e-01
     8.21009999999420e+00     -3.31454438218166e-01     -3.86719305995277e-02
     8.22009999999418e+00     -1.07968682960843e-01      1.65738956895335e-01
     8.23009999999416e+00      1.20036658565229e-01      3.98721689911335e-01
     8.24009999999413e+00      2.02354553138824e-01      5.95867440722665e-01
     8.25009999999411e+00      3.47695892042831e-01      7.12578504857539e-01
     8.26009999999409e+00      5.13883855355780e-01      7.30637593999112e-01
     8.27009999999406e+00      6.53253620035809e-01      6.57508598429419e-01
     8.28009999999404e+00      2.97618004298052e-01     -1.96766197080138e-02
     8.29009999999402e+00     -7.44721436666319e-01     -9.11809438807647e-01
     8.30009999999399e+00     -1.55409052036856e+00     -1.56448794071619e+00
     8.31009999999397e+00     -1.98711929267643e+00     -1.87285569212339e+00
     8.32009999999395e+00     -9.30057195165620e-01     -1.82986930768544e+00
     8.33009999999392e+00     -1.20137835245689e+00     -1.50972053448099e+00
     8.34009999999390e+00     -1.30970603630407e+00     -1.03572401359000e+00
     8.35009999999388e+00     -7.98345689906567e-01     -5.42922646992226e-01
     8.36009999999385e+00     -2.02717234032659e-01     -1.44965647718954e-01
     8.37009999999383e+00      2.10623095046526e-01      8.79431897854341e-02
     8.38009999999381e+00      3.84769120917321e-01      1.37032098299117e-01
     8.39009999999378e+00      3.28715603003381e-01      2.96694766097230e-02
     8.40009999999376e+00      1.03007138887301e-01     -1.75522266405660e-01
     8.41009999999374e+00     -1.20742596296724e-01     -4.07949201255792e-01
     8.42009999999371e+00     -2.04426842014099e-01     -6.03486209703872e-01
     8.43009999999369e+00     -3.50488475889739e-01     -7.18004530643962e-01
     8.44009999999367e+00     -5.16559261024641e-01     -7.33799564688583e-01
     8.45009999999365e+00     -6.54998370483967e-01     -6.58766457041408e-01
     8.46009999999362e+00     -2.84594590422696e-01      2.76415554716320e-02
     8.47009999999360e+00      7.56759987681213e-01      9.18701713959527e-01
     8.48009999999358e+00      1.56265198907720e+00      1.56850517191025e+00
     8.49009999999355e+00      1.99096853167556e+00      1.87328761999905e+00
     8.50009999999353e+00      9.34601717463957e-01      1.82705774397548e+00
     8.51009999999351e+00      1.20432764920111e+00      1.50478513437966e+00
     8.52009999999348e+00      1.31039851970617e+00      1.03016031884293e+00
     8.53009999999346e+00      7.90832500748871e-01      5.38188319159470e-01
     8.54009999999344e+00      1.96726465366607e-01      1.42151949112364e-01
     8.55009999999341e+00     -2.13948700949574e-01     -8.82952110950350e-02
     8.56009999999339e+00     -3.85117969606902e-01     -1.34955496640171e-01
     8.57009999999337e+00     -3.26524131037558e-01     -2.56596392700529e-02
     8.58009999999334e+00     -9.92206517699860e-02      1.80704197226354e-01
     8.59009999999332e+00      1.21621003942433e-01      4.13496888824818e-01
     8.60009999999330e+00      2.06280825604694e-01      6.08737662009721e-01
     8.61009999999327e+00      3.52884292141905e-01      7.22562962992894e-01
     8.62009999999325e+00      5.18919389931902e-01      7.37570681691788e-01
     8.63009999999323e+00      6.56749604431437e-01      6.61919184245903e-01
     8.64009999999320e+00      2.65122169694839e-01     -4.06341675708983e-02
     8.65009999999318e+00     -7.73326025860900e-01     -9.28225858776225e-01
     8.66009999999316e+00     -1.57293332340647e+00     -1.57182833435037e+00
     8.67009999999313e+00     -1.99364918753775e+00     -1.86954684007333e+00
     8.68009999999311e+00     -9.39897868369533e-01     -1.81711602014123e+00
     8.69009999999309e+00     -1.20720331019874e+00     -1.49071907006320e+00
     8.70009999999306e+00     -1.30998724982235e+00     -1.01456505019723e+00
     8.71009999999304e+00     -7.78975329379101e-01     -5.23493028220707e-01
     8.72009999999302e+00     -1.87371519786846e-01     -1.30100868411249e-01
     8.73009999999299e+00      2.19248717544041e-01      9.69081589852260e-02
     8.74009999999297e+00      3.86029930107633e-01      1.40284825540075e-01
     8.75009999999295e+00      3.23783302571272e-01      2.85893826230621e-02
     8.76009999999292e+00      9.42627372516707e-02     -1.78905841800608e-01
     8.77009999999290e+00     -1.22235309511195e-01     -4.11546625821830e-01
     8.78009999999288e+00     -2.08300996005665e-01     -6.05640829075934e-01
     8.79009999999285e+00     -3.55664220993178e-01     -7.17794429029061e-01
     8.80009999999283e+00     -5.21623902936785e-01     -7.31114272665176e-01
     8.81009999999281e+00     -6.58569264703996e-01     -6.54182897562058e-01
     8.82009999999278e+00     -2.52431884100733e-01      5.69055587834786e-02
     8.83009999999276e+00      7.84954942489000e-01      9.42683043683119e-01
     8.84009999999274e+00      1.58103919238810e+00      1.58267216058827e+00
     8.85009999999271e+00      1.99702279189423e+00      1.87607679455784e+00
     8.86009999999269e+00      9.44121659344311e-01      1.81968199127340e+00
     8.87009999999267e+00      1.20977730429327e+00      1.49044166465268e+00
     8.88009999999264e+00      1.31025319479732e+00      1.01293166170195e+00
     8.89009999999262e+00      7.70931864698197e-01      5.21945385306964e-01
     8.90009999999260e+00      1.80853755396632e-01      1.29710208202419e-01
     8.91009999999257e+00     -2.23110842887824e-01     -9.56201285477266e-02
     8.92009999999255e+00     -3.86938475739806e-01     -1.37365255545514e-01
     8.93009999999253e+00     -3.22185220524669e-01     -2.45391894140968e-02
     8.94009999999250e+00     -9.11081696606351e-02      1.83330098213979e-01
     8.95009999999248e+00      1.22538821447577e-01      4.15553024508177e-01
     8.96009999999246e+00      2.09551754060057e-01      6.08589909847220e-01
     8.97009999999243e+00      3.57423548436313e-01      7.19317534591929e-01
     8.98009999999241e+00      5.23314105819714e-01      7.31148206780404e-01
     8.99009999999239e+00      6.59622476218288e-01      6.52928519524627e-01
     9.00009999999236e+00      2.40699807836884e-01     -6.69895939643571e-02
     9.01009999999234e+00     -7.95454819071820e-01     -9.51542297340104e-01
     9.02009999999232e+00     -1.58822522014488e+00     -1.58875849619243e+00
     9.03009999999229e+00     -1.99995723889272e+00     -1.87883931741533e+00
     9.04009999999227e+00     -9.48082879668182e-01     -1.81950539399570e+00
     9.05009999999225e+00     -1.21232644286676e+00     -1.48838127540928e+00
     9.06009999999222e+00     -1.31084435605679e+00     -1.01034377847364e+00
     9.07009999999220e+00     -7.64598084402519e-01     -5.20117139605498e-01
     9.08009999999218e+00     -1.75910172827974e-01     -1.29573912241132e-01
     9.09009999999215e+00      2.25714610551941e-01      9.36383717941229e-02
     9.10009999999213e+00      3.86971989166191e-01      1.33352940294185e-01
     9.11009999999211e+00      3.20056460273167e-01      1.89858759367100e-02
     9.12009999999208e+00      8.76514254566229e-02     -1.89715558653949e-01
     9.13009999999206e+00     -1.23479825723945e-01     -4.22041374094190e-01
     9.14009999999204e+00     -2.11320265130450e-01     -6.14597910895973e-01
     9.15009999999201e+00     -3.59635268692751e-01     -7.24509849885759e-01
     9.16009999999199e+00     -5.25466927773702e-01     -7.35463412777918e-01
     9.17009999999197e+00     -6.61225028729282e-01     -6.56537429905101e-01
     9.18009999999194e+00     -2.21718770421057e-01      7.95697151656436e-02
     9.19009999999192e+00      8.11272302318345e-01      9.60677397857506e-01
     9.20009999999190e+00      1.59769270104723e+00      1.59182571949429e+00
     9.21009999999187e+00      2.00193025802746e+00      1.87507860503851e+00
     9.22009999999185e+00      9.53006318426067e-01      1.80985272716722e+00
     9.23009999999183e+00      1.21482916821326e+00      1.47494413845166e+00
     9.24009999999180e+00      1.31012582311694e+00      9.95705638781975e-01
     9.25009999999178e+00      7.52981340611415e-01      5.06662174878198e-01
     9.26009999999176e+00      1.66857718458927e-01      1.18982989262595e-01
     9.27009999999173e+00     -2.30751707784844e-01     -1.00636818776151e-01
     9.28009999999171e+00     -3.87732820017742e-01     -1.36967480695566e-01
     9.29009999999169e+00     -3.17307939123882e-01     -2.01348920188784e-02
     9.30009999999166e+00     -8.28205623155870e-02      1.89751316850028e-01
     9.31009999999164e+00      1.24069301855644e-01      4.21984443287765e-01
     9.32009999999162e+00      2.13258201106658e-01      6.13470749943043e-01
     9.33009999999159e+00      3.62278526925362e-01      7.21807282401616e-01
     9.34009999999157e+00      5.27998887418172e-01      7.31184441256592e-01
     9.35009999999155e+00      6.62865618569248e-01      6.51095282532708e-01
     9.36009999999152e+00      2.09060065594222e-01     -9.34018174056847e-02
     9.37009999999150e+00     -8.22710436336147e-01     -9.72539723671191e-01
     9.38009999999148e+00     -1.60552502071211e+00     -1.59997811301675e+00
     9.39009999999145e+00     -2.00502705130744e+00     -1.87888302823173e+00
     9.40009999999143e+00     -9.57154643082512e-01     -1.80971277919662e+00
     9.41009999999141e+00     -1.21729281605413e+00     -1.47201740828460e+00
     9.42009999999138e+00     -1.31027664386248e+00     -9.91497104727924e-01
     9.43009999999136e+00     -7.45006725345808e-01     -5.02613994216419e-01
     9.44009999999134e+00     -1.60466114727635e-01     -1.16155383070964e-01
     9.45009999999131e+00      2.34478083212322e-01      1.01737387814242e-01
     9.46009999999129e+00      3.88538481339377e-01      1.36400863851741e-01
     9.47009999999127e+00      3.15668213659843e-01      1.84073091199526e-02
     9.48009999999124e+00      7.96959373488407e-02     -1.91887563376863e-01
     9.49009999999122e+00     -1.24381684648930e-01     -4.23750722510405e-01
     9.50009999999120e+00     -2.14485191396596e-01     -6.14247315629692e-01
     9.51009999999117e+00     -3.63974569994555e-01     -7.21247903371064e-01
     9.52009999999115e+00     -5.29588130888848e-01     -7.29247292714002e-01
     9.53009999999113e+00     -6.63790287476110e-01     -6.47998585219080e-01
     9.54009999999110e+00     -1.88855015847874e-01      1.13018811257435e-01
     9.55009999999108e+00      8.39679834460614e-01      9.88928705331111e-01
     9.56009999999106e+00      1.61602313869428e+00      1.61049380470502e+00
     9.57009999999103e+00      2.00789522888058e+00      1.88275335322281e+00
     9.58009999999101e+00      9.63065416655522e-01      1.80786435638949e+00
     9.59009999999099e+00      1.22068868336753e+00      1.46654400607247e+00
     9.60009999999096e+00      1.31034643060943e+00      9.84959359551451e-01
     9.61009999999094e+00      7.33945747370712e-01      4.97362338401935e-01
     9.62009999999092e+00      1.52047813460463e-01      1.13827087905569e-01
     9.63009999999089e+00     -2.38794823029181e-01     -1.00464142825086e-01
     9.64009999999087e+00     -3.88514133075987e-01     -1.31787332834325e-01
     9.65009999999085e+00     -3.12110581955779e-01     -1.14228460106792e-02
     9.66009999999083e+00     -7.40800226178578e-02      1.99916109918037e-01
     9.67009999999080e+00      1.25725938351606e-01      4.31506334907274e-01
     9.68009999999078e+00      2.17158729159200e-01      6.20719553493034e-01
     9.69009999999076e+00      3.67302744349651e-01      7.25904194057227e-01
     9.70009999999073e+00      5.32725274416056e-01      7.32062860724043e-01
     9.71009999999071e+00      6.65936467090992e-01      6.49364479260852e-01
     9.72009999999069e+00      1.76356462576016e-01     -1.20323207794012e-01
     9.73009999999066e+00     -8.50903378378177e-01     -9.94548709748222e-01
     9.74009999999064e+00     -1.62359502090163e+00     -1.61273912028384e+00
     9.75009999999062e+00     -2.01071587977761e+00     -1.88103634049198e+00
     9.76009999999059e+00     -9.66949664507485e-01     -1.80263261071701e+00
     9.77009999999057e+00     -1.22289610508697e+00     -1.45898805231797e+00
     9.78009999999055e+00     -1.31027044924233e+00     -9.76604306281623e-01
     9.79009999999052e+00     -7.26029626591712e-01     -4.89658681329597e-01
     9.80009999999050e+00     -1.45816403239845e-01     -1.07834612692109e-01
     9.81009999999048e+00      2.42277600277490e-01      1.04244232079039e-01
     9.82009999999045e+00      3.89014973254398e-01      1.33421169176036e-01
     9.83009999999043e+00      3.10125437022023e-01      1.14211497844403e-02
     9.84009999999041e+00      7.05844216625721e-02     -2.00799668989847e-01
     9.85009999999038e+00     -1.26288716268460e-01     -4.32494754727629e-01
     9.86009999999036e+00     -2.18691698257321e-01     -6.21196400584280e-01
     9.87009999999034e+00     -3.69358045652999e-01     -7.25526273781484e-01
     9.88009999999031e+00     -5.34723027092298e-01     -7.30789080433325e-01
     9.89009999999029e+00     -6.67313773604854e-01     -6.47409880933286e-01
     9.90009999999027e+00     -1.56829842003732e-01      1.38268856492458e-01
     9.91009999999024e+00      8.67102074905857e-01      1.00871606997315e+00
     9.92009999999022e+00      1.63327844411356e+00      1.62055126821037e+00
     9.93009999999020e+00      2.01276850702625e+00      1.88179263391435e+00
     9.94009999999017e+00      9.72225512409048e-01      1.79732127254665e+00
     9.95009999999015e+00      1.22560493682726e+00      1.44974674008661e+00
     9.96009999999013e+00      1.30961324754233e+00      9.66017820400811e-01
     9.97009999999010e+00      7.14245985515526e-01      4.80085098535190e-01
     9.98009999999008e+00      1.36707444611685e-01      1.00909018085436e-01
     9.99009999999006e+00     -2.47273822789064e-01     -1.07847713130350e-01
     1.00000999999900e+01     -3.89679191156497e-01     -1.33962567922718e-01
