# Table format: XY
# axis1_unit = s
# axis2_unit = m/s/s
# axis3_unit = m/s/s
# axis1_title = Time
# axis2_title = z'' - 130 km/h - semi-act.
# axis3_title = z'' - 130 km/h - passive
     0.00000000000000e+00      0.00000000000000e+00      0.00000000000000e+00
     1.00000000000000e-02     -1.53987480699151e-01     -7.96530081712367e-01
     1.99999999999999e-02     -4.33080143699627e-01     -9.68467055873401e-01
     2.99999999999999e-02     -6.15671538513461e-01     -8.14301729597754e-01
     4.00000000000001e-02     -8.29000524903677e-01     -1.16519467706031e+00
     5.00000000000004e-02     -9.42160106667725e-01     -6.95081179820518e-01
     6.00000000000007e-02     -5.40967528208243e-01     -3.98718819171446e-01
     7.00000000000010e-02     -4.96965064025003e-01     -5.25679048779323e-01
     8.00000000000013e-02      2.28964035543474e-01      8.32444552727399e-02
     9.00000000000016e-02      2.32350947768389e-01      4.22837391639061e-02
     1.00000000000002e-01      4.68802920028938e-02     -1.16414311184554e-01
     1.10000000000002e-01      3.48022293207875e-01      2.64955667261508e-01
     1.20000000000002e-01     -7.78685779043346e-02     -1.65150364411394e-01
     1.30000000000002e-01     -1.76743524900680e-01     -2.41409999067587e-01
     1.40000000000001e-01     -2.08792904344373e-01     -1.16454129147883e-03
     1.50000000000000e-01     -3.26285917188944e-01     -4.48593445237129e-01
     1.59999999999999e-01     -4.49940599960281e-01     -2.18470548768225e-01
     1.69999999999998e-01     -4.03673222287493e-01     -4.33850718782658e-02
     1.79999999999996e-01     -4.69598442907650e-01     -3.84866135933126e-01
     1.89999999999995e-01     -2.16897241778580e-02      1.15628832486545e-01
     1.99999999999994e-01      7.57421107055723e-02      1.20389723128505e-01
     2.09999999999993e-01     -5.16281312343993e-02     -5.41124329100536e-02
     2.19999999999992e-01      4.11743384896910e-01      4.11007046179825e-01
     2.29999999999991e-01      1.07827409232017e-01      1.49039193310749e-01
     2.39999999999990e-01     -1.79686313346760e-02      1.00274103315253e-01
     2.49999999999989e-01      2.72549445017286e-01      4.60999677401397e-01
     2.59999999999988e-01      1.35021077590207e-02      3.18532705345833e-02
     2.69999999999987e-01     -6.15918257255736e-02      1.78285718328890e-01
     2.79999999999985e-01      3.13356026513310e-02      3.68587951917803e-01
     2.89999999999984e-01     -8.46775734759846e-02     -3.78642363614432e-02
     2.99999999999983e-01      5.37389480850963e-02      3.37295490644916e-01
     3.09999999999982e-01      1.46398133555160e-01      3.57218780058402e-01
     3.19999999999981e-01     -2.21983037115511e-02      8.24929173624545e-02
     3.29999999999980e-01      4.23244713050375e-01      5.30915812259559e-01
     3.39999999999979e-01      2.53567848377107e-01      3.39880284720672e-01
     3.49999999999978e-01      1.35944470746018e-01      2.35001909469193e-01
     3.59999999999977e-01      5.46541555158947e-01      6.64589736939005e-01
     3.69999999999976e-01      2.14579172314742e-01      2.54792443101573e-01
     3.79999999999974e-01      1.64235144413425e-01      3.29788010673683e-01
     3.89999999999973e-01      3.55110252552981e-01      5.72180125607632e-01
     3.99999999999972e-01      1.72624556456493e-01      1.42755305291569e-01
     4.09999999999971e-01      1.80933696623987e-01      4.17683101223497e-01
     4.19999999999970e-01      2.70263682043513e-01      4.63479696614394e-01
     4.29999999999969e-01      1.44075493646433e-01      9.24477643204828e-02
     4.39999999999968e-01      3.85039401466388e-01      5.12007705581336e-01
     4.49999999999967e-01      2.80076679026219e-01      3.62472857929145e-01
     4.59999999999966e-01      1.89372920246466e-01      1.78118588705530e-01
     4.69999999999965e-01      5.43086828739598e-01      5.98937638093728e-01
     4.79999999999963e-01      1.96699113499565e-01      2.43470617589077e-01
     4.89999999999962e-01      1.98255288904758e-01      2.44177748447442e-01
     4.99999999999961e-01      2.87570871301597e-01      5.36037844217587e-01
     5.09999999999960e-01      8.79434060366983e-02      9.78036010615110e-02
     5.19999999999959e-01      2.37741290526568e-01      2.90233077559787e-01
     5.29999999999958e-01      2.89896101682767e-01      3.87599013666825e-01
     5.39999999999957e-01     -7.14871037668143e-02     -5.70657939460909e-02
     5.49999999999956e-01      2.20096887049512e-01      3.32323728168809e-01
     5.59999999999955e-01      2.39899172033899e-01      2.34056213114945e-01
     5.69999999999954e-01     -2.48645536205927e-02     -3.23599008602295e-02
     5.79999999999952e-01      2.05512550422037e-01      3.73651999740474e-01
     5.89999999999951e-01      1.33077839460588e-01      7.63892656188320e-02
     5.99999999999950e-01      6.33279769545524e-02      9.25650382455302e-04
     6.09999999999949e-01      2.09240592442134e-01      3.51482012977857e-01
     6.19999999999948e-01      1.72629450891116e-02     -8.84248972028980e-02
     6.29999999999947e-01      1.40480440660002e-01      3.90401279695096e-02
     6.39999999999946e-01      2.01112193815704e-01      1.98143210038096e-01
     6.49999999999945e-01     -1.28272980622449e-01     -2.51877217733682e-01
     6.59999999999944e-01      1.27964633080994e-01      7.04435325675589e-02
     6.69999999999943e-01      1.66626882690955e-01      3.33167756858568e-02
     6.79999999999941e-01     -1.62846253053772e-01     -2.97138408991844e-01
     6.89999999999940e-01      9.83243510020969e-02      1.01557030177578e-01
     6.99999999999939e-01      3.08553127199794e-02     -1.30257825790439e-01
     7.09999999999938e-01     -1.05532675832999e-01     -2.66080723685857e-01
     7.19999999999937e-01      8.10314370266412e-02      1.41429524049033e-01
     7.29999999999936e-01     -9.22297921244396e-02     -2.83811690694577e-01
     7.39999999999935e-01     -3.38515781147993e-02     -2.20358479437298e-01
     7.49999999999934e-01      6.47049062643936e-02      1.18972238090513e-02
     7.59999999999933e-01     -2.22946608329731e-01     -4.27976014974535e-01
     7.69999999999932e-01     -7.05968432754230e-03     -1.64489791369676e-01
     7.79999999999930e-01      3.86669495123955e-02     -1.22733751872758e-01
     7.89999999999929e-01     -3.05785362263283e-01     -5.06745964554142e-01
     7.99999999999928e-01     -2.84434662895209e-02     -9.97083438751672e-02
     8.09999999999927e-01     -4.21655273360976e-02     -2.51106204356223e-01
     8.19999999999926e-01     -2.45485142642453e-01     -4.42337750844570e-01
     8.29999999999925e-01     -4.01677721147621e-02     -2.38922416838749e-02
     8.39999999999924e-01     -1.68331644918647e-01     -3.76129126880594e-01
     8.49999999999923e-01     -1.72124364825669e-01     -3.66359814700951e-01
     8.59999999999922e-01     -4.77753227297905e-02     -6.01552871544499e-02
     8.69999999999921e-01     -2.78117231452863e-01     -4.79838983702068e-01
     8.79999999999919e-01     -1.09157919074084e-01     -2.65932162204841e-01
     8.89999999999918e-01     -5.36994912874074e-02     -1.45337313859198e-01
     8.99999999999917e-01     -3.81369863636767e-01     -5.65868757023160e-01
     9.09999999999916e-01     -1.06851080108579e-01     -1.51855343191824e-01
     9.19999999999915e-01     -6.03223580465948e-02     -2.25004854334319e-01
     9.29999999999914e-01     -3.05662183757321e-01     -4.65497966506418e-01
     9.39999999999913e-01     -9.47434340138070e-02     -3.23015970696403e-02
     9.49999999999912e-01     -7.33982108417405e-02     -3.00682740376240e-01
     9.59999999999911e-01     -1.40443825210827e-01     -3.45284688832856e-01
     9.69999999999909e-01      9.93717067337015e-02      3.81702843225882e-02
     9.79999999999908e-01     -1.22169341409242e-01     -3.66979055128667e-01
     9.89999999999907e-01     -1.74271813729627e-01     -2.11201637075957e-01
     9.99999999999906e-01      2.54747938711060e-02     -1.31642689946827e-02
     1.00999999999991e+00     -1.51072251878511e-01     -4.22529859087382e-01
     1.01999999999990e+00     -2.03672473703604e-02     -6.68435738990266e-02
     1.02999999999990e+00      1.18494706951826e-03     -6.15838742729855e-02
     1.03999999999990e+00     -1.33307562960748e-01     -3.50087980536636e-01
     1.04999999999990e+00      1.25231249730482e-01      8.89508723750212e-02
     1.05999999999990e+00     -6.02762759569682e-02     -1.04783556531060e-01
     1.06999999999990e+00     -1.15207126704039e-01     -2.04910740975887e-01
     1.07999999999990e+00      1.96148933930081e-01      2.36214518781658e-01
     1.08999999999990e+00     -7.07527036918309e-02     -1.56946929508718e-01
     1.09999999999990e+00     -1.24275096808137e-01     -6.23664108418136e-02
     1.10999999999989e+00      1.00613629049936e-01      2.00510948142901e-01
     1.11999999999989e+00     -9.79219966888244e-02     -2.09043833310402e-01
     1.12999999999989e+00     -3.84275610469172e-02      8.43851945553468e-02
     1.13999999999989e+00      4.60694103013809e-02      1.55400929875237e-01
     1.14999999999989e+00     -1.02001186494684e-01     -2.00488935379603e-01
     1.15999999999989e+00      1.06974028957409e-01      2.33040070923185e-01
     1.16999999999989e+00     -1.60258898045542e-02      1.06068147056224e-01
     1.17999999999989e+00     -8.60159355753390e-02     -6.31095285695920e-02
     1.18999999999989e+00      2.12483093221686e-01      3.74867873504205e-01
     1.19999999999988e+00     -2.75876109542327e-02      4.73400199392774e-02
     1.20999999999988e+00     -8.08583630965264e-02      6.96767257057811e-02
     1.21999999999988e+00      1.77926706660922e-01      3.85181984528670e-01
     1.22999999999988e+00     -4.60481495313385e-02     -2.74428429528941e-02
     1.23999999999988e+00     -4.41061449588703e-02      1.92131542743840e-01
     1.24999999999988e+00      9.54135021170408e-02      3.17512735565096e-01
     1.25999999999988e+00     -6.55742649198355e-02     -9.89988668176020e-02
     1.26999999999988e+00      8.71524243784085e-02      3.18035512226204e-01
     1.27999999999988e+00      3.13772759044040e-02      2.46449790691888e-01
     1.28999999999987e+00     -6.11282395660579e-02      5.53172479473682e-03
     1.29999999999987e+00      2.07879083823074e-01      4.35852814016146e-01
     1.30999999999987e+00      6.97156930497512e-04      1.61857160329224e-01
     1.31999999999987e+00     -5.39656922918031e-02      1.08831320038975e-01
     1.32999999999987e+00      2.43258530720096e-01      4.81190967742370e-01
     1.33999999999987e+00     -9.80193608213325e-03      6.25664473801412e-02
     1.34999999999987e+00     -5.19255901243517e-02      2.02856297668048e-01
     1.35999999999987e+00      1.47604774521180e-01      3.83758107947637e-01
     1.36999999999987e+00     -3.27029183957112e-02     -4.40916702749444e-02
     1.37999999999986e+00      5.52055988079304e-02      2.91962077144795e-01
     1.38999999999986e+00      6.64125526668867e-03      2.76538459204198e-01
     1.39999999999986e+00     -4.62410051482489e-02     -4.17521264202306e-02
     1.40999999999986e+00      1.70718466167330e-01      3.75205708933504e-01
     1.41999999999986e+00      1.05415338436902e-02      1.59927209093261e-01
     1.42999999999986e+00     -3.30306857027000e-02      3.79696571402655e-02
     1.43999999999986e+00      1.95526222937252e-02      4.56179833783561e-01
     1.44999999999986e+00     -7.31698776552443e-02      3.84526237558370e-02
     1.45999999999986e+00     -1.37761618997041e-02      1.06599321778520e-01
     1.46999999999985e+00      4.35773289309492e-02      3.41320891363386e-01
     1.47999999999985e+00      1.51106387567025e-02     -9.76731535373911e-02
     1.48999999999985e+00      2.06982168623699e-02      1.65639162296644e-01
     1.49999999999985e+00      3.08489252254247e-02      2.06494111597189e-01
     1.50999999999985e+00     -2.70601738854326e-02     -1.79060532295900e-01
     1.51999999999985e+00      1.04868738235115e-01      2.25669274033662e-01
     1.52999999999985e+00      2.85088355220278e-03      7.09384887796744e-02
     1.53999999999985e+00     -4.78130303454773e-02     -1.24953548844615e-01
     1.54999999999985e+00     -1.07130390091654e-02      2.87245578671029e-01
     1.55999999999984e+00     -5.86658473759780e-02     -6.52733166173905e-02
     1.56999999999984e+00     -3.47310725772726e-02     -6.72627532951804e-02
     1.57999999999984e+00      2.65699032520351e-02      2.32601820489793e-01
     1.58999999999984e+00     -1.44633923794747e-01     -2.03767969045021e-01
     1.59999999999984e+00      2.30695877890021e-02     -8.76964383324321e-03
     1.60999999999984e+00      4.43722795434146e-02      1.00314732071873e-01
     1.61999999999984e+00     -1.60987844736543e-03     -3.40449913303446e-01
     1.62999999999984e+00      8.91167138252854e-02      5.30366717995863e-02
     1.63999999999984e+00      2.93269002301941e-02     -3.99860753713466e-02
     1.64999999999983e+00     -3.61411545825511e-02     -2.99235206082123e-01
     1.65999999999983e+00      1.68770059669093e-01      1.16306220224679e-01
     1.66999999999983e+00     -6.97277540274990e-02     -1.69011205374357e-01
     1.67999999999983e+00     -5.55867181073341e-02     -2.30402824850494e-01
     1.68999999999983e+00     -3.59829615824728e-03      1.35834843476167e-01
     1.69999999999983e+00     -3.97841080151868e-03     -2.87382710848226e-01
     1.70999999999983e+00     -1.49099208883630e-02     -1.50706666900080e-01
     1.71999999999983e+00      2.59187131146403e-02      2.72728991041318e-02
     1.72999999999983e+00     -1.14264980131091e-03     -4.02816154277688e-01
     1.73999999999982e+00      8.88274837494869e-02     -6.81001208201641e-02
     1.74999999999982e+00      4.21419758349143e-02     -8.36101631861446e-02
     1.75999999999982e+00     -1.34441919797916e-02     -4.00364956360540e-01
     1.76999999999982e+00     -3.11403018321069e-03      2.00470193855874e-02
     1.77999999999982e+00     -2.48222669112298e-02     -1.89700247913386e-01
     1.78999999999982e+00     -3.87561341166858e-02     -3.12137457431160e-01
     1.79999999999982e+00     -1.55744172286371e-03      1.16753049940411e-01
     1.80999999999982e+00     -8.35871470925521e-04     -2.87140880466812e-01
     1.81999999999982e+00     -5.17285193078060e-02     -2.11131498694124e-01
     1.82999999999981e+00      6.49786493583244e-03      4.19185222957456e-02
     1.83999999999981e+00     -1.36374345224694e-02     -3.77374673718464e-01
     1.84999999999981e+00      5.40546542647760e-02     -9.42987330420895e-02
     1.85999999999981e+00      3.18749021163007e-02     -3.44597165051607e-02
     1.86999999999981e+00     -1.03306447680597e-02     -4.02098563832174e-01
     1.87999999999981e+00      5.00593509593415e-04      1.96862582700479e-02
     1.88999999999981e+00      4.60175569762699e-02     -1.18307750825182e-01
     1.89999999999981e+00     -1.31988977647667e-02     -2.97112194149514e-01
     1.90999999999981e+00      1.65418830935483e-02      1.33121730395091e-01
     1.91999999999980e+00     -8.68812675171650e-02     -2.00037268108090e-01
     1.92999999999980e+00     -3.42816934173140e-02     -1.81251136126067e-01
     1.93999999999980e+00      1.28319889029634e-02      1.40617628781822e-01
     1.94999999999980e+00     -6.96470964980153e-03     -2.72912506286199e-01
     1.95999999999980e+00     -1.72874486179892e-02     -5.47328002805656e-02
     1.96999999999980e+00      1.40005728354280e-02      7.73895020498608e-02
     1.97999999999980e+00     -2.57326456025085e-02     -3.40870144138289e-01
     1.98999999999980e+00      1.14206170192149e-01      7.43441293143958e-02
     1.99999999999980e+00      3.09679438919019e-02      1.01749233416884e-02
     2.00999999999982e+00     -1.96731377188451e-02     -2.30589382341745e-01
     2.01999999999984e+00      8.92215078347925e-03      2.01440688558955e-01
     2.02999999999986e+00     -1.90959999765656e-02     -6.05976782976802e-02
     2.03999999999988e+00     -1.89153698747069e-02     -1.08524606086553e-01
     2.04999999999990e+00      2.67462970098593e-02      2.70569811399993e-01
     2.05999999999992e+00      1.46467506457258e-02     -1.39345327988729e-01
     2.06999999999994e+00     -3.63200367501407e-02      1.16337178638677e-02
     2.07999999999996e+00      1.45064567722099e-02      2.04924041244890e-01
     2.08999999999999e+00     -2.50298529196390e-02     -2.09300293048664e-01
     2.10000000000001e+00      4.47594792620010e-02      1.41097183754759e-01
     2.11000000000003e+00      9.83657765513521e-03      1.40275340146193e-01
     2.12000000000005e+00     -4.06631362128394e-02     -1.63477736517565e-01
     2.13000000000007e+00      1.78962917826272e-01      2.67801732505312e-01
     2.14000000000009e+00      1.64175457530521e-02      6.66353601268549e-02
     2.15000000000011e+00     -2.83369711839511e-02     -4.93903223329273e-02
     2.16000000000013e+00      2.01438915574332e-02      3.84047780102056e-01
     2.17000000000015e+00     -8.75508389202754e-02     -1.67768683131154e-02
     2.18000000000018e+00     -2.18458809279258e-02      6.11843543720592e-02
     2.19000000000020e+00      3.19285792786691e-02      3.15326532371835e-01
     2.20000000000022e+00      2.66201697395894e-03     -1.03618346772951e-01
     2.21000000000024e+00      9.60072105061301e-03      1.71242783909115e-01
     2.22000000000026e+00      1.96938308525979e-02      2.31666997434065e-01
     2.23000000000028e+00     -3.39735589008893e-02     -1.35391457662300e-01
     2.24000000000030e+00      1.22242148003239e-01      2.85923923395998e-01
     2.25000000000032e+00      1.58373280755876e-02      1.45534059661342e-01
     2.26000000000034e+00     -3.79927944451463e-02     -3.81226580148774e-02
     2.27000000000037e+00      1.99952937053958e-03      3.84685762425808e-01
     2.28000000000039e+00     -4.69910558197311e-02      4.17849542651112e-02
     2.29000000000041e+00     -2.30453088580448e-02      4.90268097612272e-02
     2.30000000000043e+00      3.45501883527111e-02      3.58166516779044e-01
     2.31000000000045e+00     -1.58145826376806e-01     -6.87034757096771e-02
     2.32000000000047e+00      4.41988393413424e-03      1.35946544727929e-01
     2.33000000000049e+00      3.74060471588180e-02      2.54564097051875e-01
     2.34000000000051e+00     -1.14553124156791e-02     -1.77162217950396e-01
     2.35000000000053e+00      7.94144254528294e-02      2.24485488004755e-01
     2.36000000000056e+00      2.18612526189459e-02      1.46436909454468e-01
     2.37000000000058e+00     -3.83673440033139e-02     -1.08727833660724e-01
     2.38000000000060e+00     -1.51595923828652e-02      3.08241118317395e-01
     2.39000000000062e+00     -3.81986033423175e-02      3.04465434565825e-02
     2.40000000000064e+00     -3.94552324982849e-02     -3.38551047167868e-02
     2.41000000000066e+00      1.49216665646288e-02      3.36447952280043e-01
     2.42000000000068e+00     -1.16697024466670e-01     -9.10634220025456e-02
     2.43000000000070e+00     -1.23198772877813e-02      4.06324319792364e-02
     2.44000000000072e+00      3.68588343556968e-02      2.13969494934011e-01
     2.45000000000075e+00      2.17032336996076e-03     -2.19864762745238e-01
     2.46000000000077e+00      6.06622259664421e-02      1.12060991435069e-01
     2.47000000000079e+00      3.08668462974194e-02      9.43565889225030e-02
     2.48000000000081e+00     -2.88852204577285e-02     -2.24606504480649e-01
     2.49000000000083e+00      1.43926163664423e-01      1.92915717363560e-01
     2.50000000000085e+00     -2.74749944198571e-02     -2.09567368941967e-02
     2.51000000000087e+00     -4.77287888401876e-02     -1.49081022782033e-01
     2.52000000000089e+00     -3.51714135813019e-03      2.72502843025259e-01
     2.53000000000091e+00      4.47828229063397e-03     -1.40133634180984e-01
     2.54000000000094e+00     -4.02875109474590e-02     -7.39548298751876e-02
     2.55000000000096e+00      2.17121811586511e-02      1.68588745954527e-01
     2.56000000000098e+00      2.54442179366246e-03     -2.61505945855607e-01
     2.57000000000100e+00      4.81993448613810e-02      2.95714866815717e-03
     2.58000000000102e+00      3.72998698616570e-02      5.40073589008940e-02
     2.59000000000104e+00     -1.25740076792866e-02     -3.29244453361469e-01
     2.60000000000106e+00      1.27478875849267e-01      8.57538594121915e-02
     2.61000000000108e+00      1.69795972609335e-02     -5.79772381386228e-02
     2.62000000000110e+00     -3.38567438110650e-02     -2.50995673951386e-01
     2.63000000000113e+00     -4.77018266149566e-03      1.72617878891016e-01
     2.64000000000115e+00     -8.71083212446162e-02     -1.67708550087673e-01
     2.65000000000117e+00     -4.49111278227368e-02     -1.57481194888776e-01
     2.66000000000119e+00      1.13076808651768e-02      1.54077685498173e-01
     2.67000000000121e+00      7.99926126288730e-04     -2.71384582631301e-01
     2.68000000000123e+00      1.80313965414014e-02     -6.62506853079144e-02
     2.69000000000125e+00      3.38822315899948e-02      5.24244539513797e-02
     2.70000000000127e+00     -5.07690166341489e-03     -3.78957896445151e-01
     2.71000000000129e+00     -7.54012708983077e-03      2.40391160639340e-02
     2.72000000000132e+00      4.21684761218128e-02     -5.11018317729151e-02
     2.73000000000134e+00     -1.65084962510029e-02     -3.01516630864514e-01
     2.74000000000136e+00      3.81587336607666e-03      1.22036597857412e-01
     2.75000000000138e+00     -4.92443483467537e-02     -1.47591840728635e-01
     2.76000000000140e+00     -3.51899821520447e-02     -2.02548473216849e-01
     2.77000000000142e+00      1.01416319764852e-02      1.77835337889844e-01
     2.78000000000144e+00      2.98933013280640e-03     -2.39244425175044e-01
     2.79000000000146e+00     -4.08703058886109e-02     -9.70265159048553e-02
     2.80000000000148e+00      1.88626345861275e-02      9.49066672167011e-02
     2.81000000000151e+00     -1.13769183251455e-02     -3.29409095067620e-01
     2.82000000000153e+00      7.85795691976040e-02      1.06402839820786e-02
     2.83000000000155e+00      3.41001996891447e-02      8.70249677937707e-03
     2.84000000000157e+00     -1.59922325038678e-02     -3.03356815067684e-01
     2.85000000000159e+00      3.02390243574914e-04      1.21036119868938e-01
     2.86000000000161e+00     -1.36182586912467e-03     -8.47991444022694e-02
     2.87000000000163e+00     -2.63348589140868e-02     -2.02978334726971e-01
     2.88000000000165e+00      1.21560434366552e-02      2.30643853377331e-01
     2.89000000000167e+00     -1.22885130399859e-01     -1.68184071816992e-01
     2.90000000000170e+00     -4.24269346821044e-02     -8.71022542015360e-02
     2.91000000000172e+00      1.08950793629453e-02      1.70617910270255e-01
     2.92000000000174e+00     -1.46137094944814e-02     -2.44790101032339e-01
     2.93000000000176e+00      2.57888470857143e-02      3.33156571338973e-02
     2.94000000000178e+00      1.85008100270626e-02      9.66958268973961e-02
     2.95000000000180e+00     -2.66219671482193e-02     -2.75525127064290e-01
     2.96000000000182e+00      1.46211484715572e-01      1.49434026999831e-01
     2.97000000000184e+00      3.10481315230226e-02      1.49350437611821e-02
     2.98000000000186e+00     -2.38967388312023e-02     -1.69235747344796e-01
     2.99000000000189e+00      1.10086159268721e-02      2.63099195249943e-01
     3.00000000000191e+00     -6.57416000168611e-02     -6.85120314001832e-02
     3.01000000000193e+00     -2.88315863600648e-02     -5.76437214335091e-02
     3.02000000000195e+00      2.11568485516816e-02      2.63812751195023e-01
     3.03000000000197e+00      2.76802875948435e-03     -1.50826953274242e-01
     3.04000000000199e+00     -2.09938930620233e-02      5.70768161119734e-02
     3.05000000000201e+00      1.74464511523202e-02      1.86991037438973e-01
     3.06000000000203e+00     -2.63712597026373e-02     -2.33907878447491e-01
     3.07000000000205e+00      1.00249693942664e-01      1.77639632360617e-01
     3.08000000000208e+00      2.41564725638648e-02      1.08435299614192e-01
     3.09000000000210e+00     -2.74485684779622e-02     -1.38779948534496e-01
     3.10000000000212e+00      1.96361246596166e-03      2.85593287547452e-01
     3.11000000000214e+00     -1.42612696815709e-02      1.50714159307939e-02
     3.12000000000216e+00     -2.00996151349571e-02     -4.17274391472813e-02
     3.13000000000218e+00      2.98651519892998e-02      3.36535800844480e-01
     3.14000000000220e+00     -1.33514332636523e-01     -8.25011718115494e-02
     3.15000000000222e+00     -2.38267486474168e-02      5.80795670885123e-02
     3.16000000000224e+00      2.96753007464537e-02      2.48587513680470e-01
     3.17000000000227e+00     -8.72162957007505e-03     -1.77236549706660e-01
     3.18000000000229e+00      4.79303815435219e-02      1.60846495711422e-01
     3.19000000000231e+00      2.12565528331788e-02      1.56135419562289e-01
     3.20000000000233e+00     -3.31528173223337e-02     -1.59746072955656e-01
     3.21000000000235e+00      1.64481715429454e-01      2.59682784509383e-01
     3.22000000000237e+00      6.13076004198778e-03      5.56745355639337e-02
     3.23000000000239e+00     -3.18104722503484e-02     -7.12454113453202e-02
     3.24000000000241e+00      1.50593493346164e-02      3.51820347726819e-01
     3.25000000000243e+00     -9.22641582006405e-02     -5.82658416666414e-02
     3.26000000000246e+00     -2.65813281188949e-02      1.18267426952775e-02
     3.27000000000248e+00      2.90346837731105e-02      2.59467785754510e-01
     3.28000000000250e+00      2.34561208872796e-03     -1.64874094459826e-01
     3.29000000000252e+00      2.00875271425347e-02      1.05303570053821e-01
     3.30000000000254e+00      2.43172329688229e-02      1.61358898091773e-01
     3.31000000000256e+00     -2.83781740430075e-02     -2.18097951353827e-01
     3.32000000000258e+00      1.19148001728449e-01      1.99237011817819e-01
     3.33000000000260e+00      1.72660589134740e-02      5.63980746382250e-02
     3.34000000000262e+00     -3.99443574532610e-02     -1.36948713853004e-01
     3.35000000000265e+00     -3.90069862647815e-03      2.85460292916613e-01
     3.36000000000267e+00     -6.04972229750871e-02     -5.65823640888722e-02
     3.37000000000269e+00     -3.37485943689892e-02     -5.63237272811219e-02
     3.38000000000271e+00      2.30225469806660e-02      2.54674257784558e-01
     3.39000000000273e+00      1.08380794218060e-02     -1.70007485291079e-01
     3.40000000000275e+00      3.03080859591403e-03      2.84322476829193e-02
     3.41000000000277e+00      3.22798699251711e-02      1.49509568141193e-01
     3.42000000000279e+00     -1.23041356691117e-02     -2.79644053641966e-01
     3.43000000000281e+00      8.72747311427095e-02      1.16516418228792e-01
     3.44000000000284e+00      2.50308510254770e-02      4.20126402939517e-02
     3.45000000000286e+00     -3.35219176426306e-02     -2.09298156739976e-01
     3.46000000000288e+00     -9.56832476700670e-03      2.11266332350545e-01
     3.47000000000290e+00     -3.41912247875056e-02     -6.34940745933094e-02
     3.48000000000292e+00     -3.48882131466406e-02     -1.25344415553478e-01
     3.49000000000294e+00      1.77853852689244e-02      2.47035871505844e-01
     3.50000000000296e+00     -1.22153505927472e-01     -1.78428129092418e-01
     3.51000000000298e+00     -1.91511584846142e-02     -4.43436965267657e-02
     3.52000000000300e+00      3.54042135724480e-02      1.40120869811630e-01
     3.53000000000302e+00      2.08417510941844e-03     -2.90849443441956e-01
     3.54000000000305e+00      6.69843433488456e-02      4.32658930848301e-02
     3.55000000000307e+00      3.53410400180830e-02      3.58519620868369e-02
     3.56000000000309e+00     -2.14575216622791e-02     -2.81558493984661e-01
     3.57000000000311e+00      1.55732870561786e-01      1.37301587854393e-01
     3.58000000000313e+00     -1.17138828191191e-02     -6.65797735702444e-02
     3.59000000000315e+00     -3.63390613256328e-02     -1.92922927589782e-01
     3.60000000000317e+00      5.87259078569185e-03      2.30994287435979e-01
     3.61000000000319e+00     -9.99892044792548e-02     -1.70433493374842e-01
     3.62000000000321e+00     -3.45453665868348e-02     -1.01199376777840e-01
     3.63000000000324e+00      2.47858604726525e-02      1.53025569970552e-01
     3.64000000000326e+00      4.02177070258822e-03     -2.73311243022556e-01
     3.65000000000328e+00      4.24961496672565e-02     -5.52169629254189e-03
     3.66000000000330e+00      3.54820361769408e-02      4.91120543367065e-02
     3.67000000000332e+00     -1.53645356079232e-02     -3.29808665392469e-01
     3.68000000000334e+00      1.24807018681297e-01      9.04789922833015e-02
     3.69000000000336e+00      1.65514468194914e-02     -4.70757966341641e-02
     3.70000000000338e+00     -3.54267286330507e-02     -2.33321230777430e-01
     3.71000000000340e+00     -4.82025075530446e-03      1.97254445259367e-01
     3.72000000000343e+00     -8.05874068369478e-02     -1.36335737953393e-01
     3.73000000000345e+00     -4.34808206843060e-02     -1.27968956737025e-01
     3.74000000000347e+00      1.16524896787777e-02      1.90421660217360e-01
     3.75000000000349e+00      1.61340347099713e-04     -2.27665579654805e-01
     3.76000000000351e+00      6.32386879137763e-03     -2.32657372089142e-02
     3.77000000000353e+00      2.83702300282413e-02      1.03456417903832e-01
     3.78000000000355e+00     -1.14114377481199e-02     -3.20002898178740e-01
     3.79000000000357e+00      1.05475963857431e-01      8.22118697328441e-02
     3.80000000000359e+00      3.39408747537309e-02      1.43098043803853e-02
     3.81000000000362e+00     -2.38209327767572e-02     -2.37902534623440e-01
     3.82000000000364e+00     -2.48979200426992e-03      1.91162888254945e-01
     3.83000000000366e+00     -4.41545364179111e-02     -7.32399693785704e-02
     3.84000000000368e+00     -3.73453987881546e-02     -1.32025313204043e-01
     3.85000000000370e+00      9.36431763709656e-03      2.52454536741764e-01
     3.86000000000372e+00      3.81107628834170e-03     -1.60648672646565e-01
     3.87000000000374e+00     -3.40297101665309e-02     -1.52592648466877e-02
     3.88000000000376e+00      2.25933910014986e-02      1.78581861708168e-01
     3.89000000000378e+00     -6.88854771332717e-03     -2.45257651961775e-01
     3.90000000000381e+00      8.15775179584773e-02      9.39438377367935e-02
     3.91000000000383e+00      3.77335644263621e-02      9.01425185391096e-02
     3.92000000000385e+00     -1.36383203289319e-02     -2.24393076573694e-01
     3.93000000000387e+00      1.15357447312982e-03      1.97300111044446e-01
     3.94000000000389e+00      2.16919267964354e-03     -3.29061419160313e-03
     3.95000000000391e+00     -2.43052707595761e-02     -1.25665239388637e-01
     3.96000000000393e+00      1.45600146920773e-02      3.02837285088638e-01
     3.97000000000395e+00     -1.12477114075409e-01     -9.36681065035006e-02
     3.98000000000397e+00     -3.60006447468972e-02     -1.95710704068349e-02
     3.99000000000400e+00      1.85121354154667e-02      2.39053979062236e-01
     4.00000000000402e+00     -5.65570759078299e-03     -1.83664098286995e-01
     4.01000000000399e+00      3.04597628587430e-02      8.67846433851905e-02
     4.02000000000397e+00      2.66037155442012e-02      1.51165376720840e-01
     4.03000000000395e+00     -1.94292848189591e-02     -2.28218722844625e-01
     4.04000000000392e+00      1.43033347804817e-01      1.89519084930928e-01
     4.05000000000390e+00      3.49440906185148e-02      5.63446353617142e-02
     4.06000000000388e+00     -2.12316109329553e-02     -1.35126554423375e-01
     4.07000000000385e+00      1.20576562391374e-02      2.89730993451489e-01
     4.08000000000383e+00     -7.14484280344800e-02     -4.88692337627057e-02
     4.09000000000381e+00     -3.08599746595422e-02     -4.40833241586985e-02
     4.10000000000378e+00      1.82780908553163e-02      2.72323667250622e-01
     4.11000000000376e+00     -2.50652452971529e-04     -1.46467672011117e-01
     4.12000000000374e+00     -2.03943159085814e-02      5.78705310703540e-02
     4.13000000000371e+00      1.62037658665718e-02      1.84426128656531e-01
     4.14000000000369e+00     -2.61906003711562e-02     -2.39966595947636e-01
     4.15000000000367e+00      9.73343096595784e-02      1.60111479788164e-01
     4.16000000000364e+00      2.27663640604074e-02      8.87210952585512e-02
     4.17000000000362e+00     -2.97575484922018e-02     -1.68206276913040e-01
     4.18000000000360e+00     -2.09996959635490e-03      2.55241095582308e-01
     4.19000000000357e+00     -2.04189653923420e-02     -1.52663172507640e-02
     4.20000000000355e+00     -2.62640564575201e-02     -8.02407307035340e-02
     4.21000000000353e+00      2.29005792414092e-02      2.98269129800642e-01
     4.22000000000350e+00     -1.34944436068862e-01     -1.20425366899589e-01
     4.23000000000348e+00     -2.98269752664746e-02      1.18178845695254e-02
     4.24000000000346e+00      2.47154775816107e-02      2.02394596384639e-01
     4.25000000000343e+00     -1.15170224035777e-02     -2.23389037589728e-01
     4.26000000000341e+00      4.82243341904658e-02      1.06423315457608e-01
     4.27000000000339e+00      1.99372478907119e-02      1.02295296546136e-01
     4.28000000000336e+00     -3.30183276751007e-02     -2.12817738607406e-01
     4.29000000000334e+00     -1.57857115632508e-02      2.06976781357749e-01
     4.30000000000332e+00      1.22719188456595e-02      2.60661182192313e-03
     4.31000000000329e+00     -2.80289577359251e-02     -1.25438043786027e-01
     4.32000000000327e+00      1.91323328527353e-02      2.95949223355043e-01
     4.33000000000325e+00     -8.21931932131964e-02     -1.08397593615532e-01
     4.34000000000322e+00     -1.95708037225506e-02     -4.20860122618692e-02
     4.35000000000320e+00      3.64801498641125e-02      2.09468685333630e-01
     4.36000000000318e+00      1.01943331156890e-02     -2.19191996035189e-01
     4.37000000000315e+00      2.17697979810256e-02      4.65638087743845e-02
     4.38000000000313e+00      3.06295279296173e-02      1.07362847120600e-01
     4.39000000000311e+00     -2.28018401713941e-02     -2.74806341480035e-01
     4.40000000000308e+00      1.16189108709425e-01      1.40560719192687e-01
     4.41000000000306e+00      2.06459258068806e-02      5.08354933135881e-03
     4.42000000000304e+00     -3.70250168109224e-02     -1.88856952759886e-01
     4.43000000000301e+00     -1.93070435151513e-03      2.33277490379488e-01
     4.44000000000299e+00     -5.47768930242263e-02     -1.00529677320658e-01
     4.45000000000297e+00     -3.00566226702755e-02     -1.00706580280893e-01
     4.46000000000294e+00      2.66234099771562e-02      2.09901013745729e-01
     4.47000000000292e+00      1.37304036751561e-02     -2.14450517316342e-01
     4.48000000000290e+00      8.14628836993425e-04     -1.45380044148170e-02
     4.49000000000287e+00      3.26923329902816e-02      1.09270237036766e-01
     4.50000000000285e+00     -1.32074612121116e-02     -3.16058081115375e-01
     4.51000000000283e+00      8.31866849091210e-02      8.46649437078288e-02
     4.52000000000280e+00      2.27183273049584e-02      1.50246664213549e-02
     4.53000000000278e+00     -3.66386300113770e-02     -2.39613296333082e-01
     4.54000000000276e+00     -1.41256632881231e-02      1.86151957898976e-01
     4.55000000000273e+00     -3.96344201319259e-02     -8.23594218550855e-02
     4.56000000000271e+00     -4.08366044734647e-02     -1.45800719155391e-01
     4.57000000000269e+00      1.14594544213291e-02      2.33838925947195e-01
     4.58000000000266e+00     -1.22676494886132e-01     -1.83922165932313e-01
     4.59000000000264e+00     -2.36648393847555e-02     -5.06650014792642e-02
     4.60000000000262e+00      3.09468672232305e-02      1.41273639878945e-01
     4.61000000000259e+00     -5.68614040998037e-04     -2.82604571381749e-01
     4.62000000000257e+00      6.53508788491115e-02      4.97454319091680e-02
     4.63000000000255e+00      3.33810892987761e-02      4.87652893398564e-02
     4.64000000000252e+00     -2.28490670260390e-02     -2.70766031132728e-01
     4.65000000000250e+00     -1.25100159919138e-02      1.53691216378518e-01
     4.66000000000248e+00     -1.36295801337264e-02     -4.42141986600416e-02
     4.67000000000245e+00     -3.81690879626448e-02     -1.64959739978816e-01
     4.68000000000243e+00      4.95349986376614e-03      2.63612330950746e-01
     4.69000000000241e+00     -9.57486176550031e-02     -1.34384134940386e-01
     4.70000000000238e+00     -3.30273314990310e-02     -6.29301837183139e-02
     4.71000000000236e+00      2.73797266633109e-02      1.92548596547347e-01
     4.72000000000234e+00      7.28887847464052e-03     -2.33123143276737e-01
     4.73000000000232e+00      4.53098453802279e-02      3.51389995455969e-02
     4.74000000000229e+00      3.98740276998804e-02      9.84439136577315e-02
     4.75000000000227e+00     -9.81767763875926e-03     -2.80828639879687e-01
     4.76000000000225e+00      1.29991429126653e-01      1.38048921595066e-01
     4.77000000000222e+00      2.68072319714720e-02      6.72689520523417e-03
     4.78000000000220e+00     -2.81804626939999e-02     -1.82550895896974e-01
     4.79000000000218e+00      1.32385388655822e-03      2.44507414229484e-01
     4.80000000000215e+00     -7.58582340066409e-02     -8.43976546234247e-02
     4.81000000000213e+00     -3.80510431798307e-02     -7.99458712869797e-02
     4.82000000000211e+00      1.58753844744258e-02      2.42910396628498e-01
     4.83000000000208e+00      4.14725504919553e-03     -1.78452760641481e-01
     4.84000000000206e+00      5.66841430813266e-03      2.23203788019131e-02
     4.85000000000204e+00      3.13636372825413e-02      1.53869463393682e-01
     4.86000000000201e+00     -7.91091613876224e-03     -2.73151633994686e-01
     4.87000000000199e+00      1.07559845871665e-01      1.24998170164538e-01
     4.88000000000197e+00      3.67078965365615e-02      5.32343670266343e-02
     4.89000000000194e+00     -2.21585964864771e-02     -2.02147041506246e-01
     4.90000000000192e+00     -2.17191403759635e-03      2.24644733925592e-01
     4.91000000000190e+00     -4.88467670374396e-02     -4.12111671040240e-02
     4.92000000000187e+00     -3.92601269426000e-02     -1.00910157422072e-01
     4.93000000000185e+00      7.05258505546333e-03      2.82813215696618e-01
     4.94000000000183e+00      1.69366471309128e-03     -1.31263521781188e-01
     4.95000000000180e+00     -4.19354235537695e-02      4.71085535458922e-03
     4.96000000000178e+00      1.81516467255030e-02      1.98102502501383e-01
     4.97000000000176e+00     -1.13491186204449e-02     -2.25595562677346e-01
     4.98000000000173e+00      7.35643428885373e-02      1.05890047212989e-01
     4.99000000000171e+00      3.17983431656058e-02      1.03370332205956e-01
     5.00000000000169e+00     -1.90321867002836e-02     -2.17975499773647e-01
     5.01000000000166e+00     -4.18552521211624e-03      2.04726922073706e-01
     5.02000000000164e+00      3.62741106751468e-03      5.33211808033341e-03
     5.03000000000162e+00     -2.75697249728294e-02     -1.24672102108796e-01
     5.04000000000159e+00      1.17224669413839e-02      3.04089576555447e-01
     5.05000000000157e+00     -1.09920154819535e-01     -9.21829019330239e-02
     5.06000000000155e+00     -3.80328404182324e-02     -2.65248886841551e-02
     5.07000000000152e+00      1.61132986464529e-02      2.32149498112512e-01
     5.08000000000150e+00     -7.83161067288291e-03     -1.90326495360998e-01
     5.09000000000148e+00      3.21154217998150e-02      7.99102992815289e-02
     5.10000000000145e+00      2.62855365899665e-02      1.43218079615556e-01
     5.11000000000143e+00     -1.84844764684058e-02     -2.38216173320054e-01
     5.12000000000141e+00     -9.85876971679084e-03      1.76643593302965e-01
     5.13000000000138e+00      3.79527679748040e-02      4.00964829827691e-02
     5.14000000000136e+00     -1.78397787294786e-02     -1.54833433629885e-01
     5.15000000000134e+00      1.52663118297024e-02      2.66857321093831e-01
     5.16000000000131e+00     -6.33428220758516e-02     -6.66348079299767e-02
     5.17000000000129e+00     -2.53154380797749e-02     -6.57795496600647e-02
     5.18000000000127e+00      2.42561907698633e-02      2.54403311213052e-01
     5.19000000000124e+00      6.67944584940403e-03     -1.68984533260967e-01
     5.20000000000122e+00     -1.69407595026219e-02      3.00360653077522e-02
     5.21000000000120e+00      2.25247555228516e-02      1.59734713066966e-01
     5.22000000000117e+00     -2.00581239088616e-02     -2.69511281490882e-01
     5.23000000000115e+00      9.63838107378022e-02      1.25905368485529e-01
     5.24000000000113e+00      2.72095644616841e-02      5.89178087046970e-02
     5.25000000000110e+00     -2.58879968445693e-02     -2.01562861363962e-01
     5.26000000000108e+00      4.95996998651419e-04      2.18710668405167e-01
     5.27000000000106e+00     -1.57521116834519e-02     -4.61861228792649e-02
     5.28000000000103e+00     -2.28347579615964e-02     -1.13962915542134e-01
     5.29000000000101e+00      2.58911716602604e-02      2.61933320441761e-01
     5.30000000000099e+00     -1.36523968313084e-01     -1.58576904391788e-01
     5.31000000000096e+00     -2.90749517836320e-02     -2.70021953324365e-02
     5.32000000000094e+00      2.41842561335029e-02      1.64110084202162e-01
     5.33000000000092e+00     -1.31363569777105e-02     -2.60128909082069e-01
     5.34000000000089e+00      4.45697382087427e-02      7.18806537661018e-02
     5.35000000000087e+00      1.74868292449495e-02      7.01949703076763e-02
     5.36000000000085e+00     -3.57876505616762e-02     -2.50653076609046e-01
     5.37000000000082e+00      1.64071325949398e-01      1.71802387535882e-01
     5.38000000000080e+00      8.22771121146303e-03     -2.87042249544750e-02
     5.39000000000078e+00     -3.31886793579398e-02     -1.60541987629056e-01
     5.40000000000075e+00      1.31567100494510e-02      2.65989727258705e-01
     5.41000000000073e+00     -8.42905783684705e-02     -1.32509552678776e-01
     5.42000000000071e+00     -2.52661850211827e-02     -6.87063998541423e-02
     5.43000000000068e+00      3.11944695560994e-02      1.88744372405919e-01
     5.44000000000066e+00      6.53197774654364e-03     -2.34213299144336e-01
     5.45000000000064e+00      1.96640827325326e-02      2.84415524711351e-02
     5.46000000000061e+00      2.78337318705628e-02      9.44176460380994e-02
     5.47000000000059e+00     -2.41611033895282e-02     -2.82916332555551e-01
     5.48000000000057e+00      1.22300784006604e-01      1.36397443021972e-01
     5.49000000000054e+00      2.28926447147381e-02      3.73997195342024e-03
     5.50000000000052e+00     -3.34402342693178e-02     -1.88443239619992e-01
     5.51000000000050e+00      2.26877377979385e-03      2.34680290209194e-01
     5.52000000000047e+00     -5.24352349218247e-02     -9.84946384596471e-02
     5.53000000000045e+00     -2.66960452372074e-02     -9.79859720699103e-02
     5.54000000000043e+00      2.94297868717940e-02      2.21739128810945e-01
     5.55000000000040e+00     -1.55129833349163e-01     -2.01711615245975e-01
     5.56000000000038e+00      3.33941073980289e-03     -2.00906113772883e-03
     5.57000000000036e+00      3.68466984483969e-02      1.29256946103570e-01
     5.58000000000033e+00     -7.96368718358819e-03     -2.97600738390906e-01
     5.59000000000031e+00      8.71153467562986e-02      1.00806243077726e-01
     5.60000000000029e+00      2.90218479872303e-02      3.71140945031931e-02
     5.61000000000026e+00     -2.99464204970718e-02     -2.20060981270276e-01
     5.62000000000024e+00     -8.41107795746392e-03      2.03300117809697e-01
     5.63000000000022e+00     -3.41106948993805e-02     -5.88513571878230e-02
     5.64000000000019e+00     -3.55514465098894e-02     -1.24238841340770e-01
     5.65000000000017e+00      1.55559441873760e-02      2.61797098201942e-01
     5.66000000000015e+00     -1.19837638772904e-01     -1.57270088073051e-01
     5.67000000000012e+00     -2.36175692445990e-02     -2.59521121843148e-02
     5.68000000000010e+00      3.30067008839489e-02      1.64131743095508e-01
     5.69000000000008e+00     -1.35726310017075e-04     -2.60978841567452e-01
     5.70000000000005e+00      5.97131494977499e-02      7.10295106094907e-02
     5.71000000000003e+00      3.09100876981677e-02      7.05855740785874e-02
     5.72000000000001e+00     -2.61014913051306e-02     -2.47770480281709e-01
     5.72999999999998e+00      1.49182633190258e-01      1.78133244033796e-01
     5.73999999999996e+00     -1.30860334204190e-02     -1.84428269831166e-02
     5.74999999999994e+00     -4.08386540692107e-02     -1.46381707032816e-01
     5.75999999999991e+00      1.70107196456495e-03      2.83586594012838e-01
     5.76999999999989e+00     -9.76191360241644e-02     -1.12204393945474e-01
     5.77999999999987e+00     -3.71582500511091e-02     -4.64940202627522e-02
     5.78999999999984e+00      2.26378497044982e-02      2.12162442165846e-01
     5.79999999999982e+00      2.98355773576251e-03     -2.10075593524751e-01
     5.80999999999980e+00      3.84599983987729e-02      5.30719245164713e-02
     5.81999999999977e+00      3.46796810406534e-02      1.19547687002838e-01
     5.82999999999975e+00     -1.43393359861246e-02     -2.65150524506267e-01
     5.83999999999973e+00      1.25425653224496e-01      1.55572567419600e-01
     5.84999999999970e+00      2.68463321709080e-02      2.62077084375184e-02
     5.85999999999968e+00     -3.16021811684942e-02     -1.69811378487926e-01
     5.86999999999966e+00     -2.07742751678857e-03      2.58502947065688e-01
     5.87999999999963e+00     -7.49125133926997e-02     -6.88351513398568e-02
     5.88999999999961e+00     -3.92505633982802e-02     -6.32061442431197e-02
     5.89999999999959e+00      1.63237629734881e-02      2.59943946608501e-01
     5.90999999999956e+00      6.16807343832828e-03     -1.62219248669011e-01
     5.91999999999954e+00      1.18699005523133e-02      3.67298179942625e-02
     5.92999999999952e+00      3.52727561975691e-02      1.65714315608320e-01
     5.93999999999950e+00     -4.02458420895408e-03     -2.64217835515301e-01
     5.94999999999947e+00      1.07649712578890e-01      1.31069727675923e-01
     5.95999999999945e+00      4.05118899243561e-02      6.48011296089883e-02
     5.96999999999943e+00     -1.78342133776898e-02     -1.94083587694783e-01
     5.97999999999940e+00      1.90912424369097e-03      2.28470456378415e-01
     5.98999999999938e+00     -4.08392031587039e-02     -3.37911313644148e-02
     5.99999999999936e+00     -3.35532888880351e-02     -9.89454372425294e-02
     6.00999999999933e+00      1.25229880571920e-02      2.87275380675489e-01
     6.01999999999931e+00      7.77488428353944e-03     -1.31986376897465e-01
     6.02999999999929e+00     -3.62964895381997e-02     -1.44682226754210e-03
     6.03999999999926e+00      2.33610580681774e-02      1.95316624086482e-01
     6.04999999999924e+00     -6.23261716604397e-03     -2.32727994862390e-01
     6.05999999999922e+00      7.31328295752686e-02      9.44519759602270e-02
     6.06999999999919e+00      3.57907761058875e-02      9.63920565393512e-02
     6.07999999999917e+00     -1.51200019550423e-02     -2.28797380061979e-01
     6.08999999999915e+00     -1.08439720364038e-03      1.89935413736351e-01
     6.09999999999912e+00      4.00369031310269e-04     -1.28780071522834e-02
     6.10999999999910e+00     -2.74109548669542e-02     -1.45305638915189e-01
     6.11999999999908e+00      1.03661701101475e-02      2.82181556175823e-01
     6.12999999999905e+00     -1.15287197222740e-01     -1.14333650548673e-01
     6.13999999999903e+00     -4.11351769709088e-02     -4.81967519767331e-02
     6.14999999999901e+00      1.30985192442441e-02      2.11282575636857e-01
     6.16009999999898e+00     -1.10159807052413e-02     -2.14695874610651e-01
     6.17009999999896e+00      3.06891396203798e-02      5.67574570504454e-02
     6.18009999999894e+00      2.27540524096197e-02      1.13454439258070e-01
     6.19009999999891e+00     -2.27639701707912e-02     -2.65449322838887e-01
     6.20009999999889e+00     -1.40001962617051e-02      1.52858179789105e-01
     6.21009999999887e+00      3.28379953602920e-02      1.17689783515408e-02
     6.22009999999884e+00     -2.32408518639807e-02     -1.78900955563250e-01
     6.23009999999882e+00      1.07087795178477e-02      2.47054798209029e-01
     6.24009999999880e+00     -6.79719783090649e-02     -9.07876723927424e-02
     6.25009999999877e+00     -2.97656977428102e-02     -8.59756769594367e-02
     6.26009999999875e+00      2.05996157965254e-02      2.29625276151424e-01
     6.27009999999873e+00      2.94057602161853e-03     -1.90644512324396e-01
     6.28009999999870e+00     -1.62075636724160e-02      1.18779246828885e-02
     6.29009999999868e+00      1.97540167799014e-02      1.36681464971774e-01
     6.30009999999866e+00     -2.31764757864085e-02     -2.89037081734282e-01
     6.31009999999863e+00      1.04645228771842e-01      1.18000669975791e-01
     6.32009999999861e+00      2.79596256253039e-02      4.46136255959876e-02
     6.33009999999859e+00     -2.39904343603167e-02     -2.06441816749219e-01
     6.34009999999856e+00      4.66572954141063e-03      2.14447455316885e-01
     6.35009999999854e+00     -1.59686057670313e-02     -5.91902373857640e-02
     6.36009999999852e+00     -1.93663995409520e-02     -1.18726691844342e-01
     6.37009999999849e+00      2.97537875314070e-02      2.57185390137443e-01
     6.38009999999847e+00     -1.35329202339468e-01     -1.63809954885636e-01
     6.39009999999845e+00     -2.45231656237395e-02     -2.47903412847387e-02
     6.40009999999842e+00      2.93089638695830e-02      1.64556306957754e-01
     6.41009999999840e+00     -8.40254085534351e-03     -2.62028519534732e-01
     6.42009999999838e+00      5.20325299094745e-02      7.56931531900102e-02
     6.43009999999835e+00      2.33830239231243e-02      7.10171235832763e-02
     6.44009999999833e+00     -3.02815730231748e-02     -2.44437665793221e-01
     6.45009999999831e+00     -1.41713598189876e-02      1.75803040045741e-01
     6.46009999999828e+00      9.14610202222290e-03     -2.70164251003795e-02
     6.47009999999826e+00     -2.87151643323858e-02     -1.52380503503602e-01
     6.48009999999824e+00      1.75402130139440e-02      2.72596781570274e-01
     6.49009999999821e+00     -9.34459989572358e-02     -1.35235157095934e-01
     6.50009999999819e+00     -2.57626491649534e-02     -6.25599585660784e-02
     6.51009999999817e+00      2.91414571107486e-02      1.87976355032475e-01
     6.52009999999814e+00      2.00484565718487e-03     -2.33174563156165e-01
     6.53009999999812e+00      1.99020864405551e-02      4.04716249101577e-02
     6.54009999999810e+00      2.42264565494324e-02      1.00253840025331e-01
     6.55009999999807e+00     -2.78757925078798e-02     -2.75237924039367e-01
     6.56009999999805e+00      1.22503563574309e-01      1.46279294487023e-01
     6.57009999999803e+00      1.91998405897391e-02      7.81799807383548e-03
     6.58009999999800e+00     -3.74362632042334e-02     -1.80978195914435e-01
     6.59009999999798e+00     -1.11606682298393e-03      2.46131391140168e-01
     6.60009999999796e+00     -5.83974634989957e-02     -9.10840920149728e-02
     6.61009999999793e+00     -3.12478226303893e-02     -8.58953915990848e-02
     6.62009999999791e+00      2.51138344649802e-02      2.30111644232800e-01
     6.63009999999789e+00      1.24014859879527e-02     -1.89506049905329e-01
     6.64009999999786e+00      2.39494298800468e-03      1.40287663020390e-02
     6.65009999999784e+00      3.27613695041624e-02      1.40208375613967e-01
     6.66009999999782e+00     -1.22104986692293e-02     -2.83859336982961e-01
     6.67009999999779e+00      8.73220221826499e-02      1.17347428317980e-01
     6.68009999999777e+00      2.52243313353301e-02      4.78275441423451e-02
     6.69009999999775e+00     -3.28895891842048e-02     -1.98583990847937e-01
     6.70009999999772e+00     -8.39143509133956e-03      2.26773544393929e-01
     6.71009999999770e+00     -3.13015744677327e-02     -4.33208767006559e-02
     6.72009999999768e+00     -3.27615364207542e-02     -1.00652309331423e-01
     6.73009999999765e+00      2.02250358193322e-02      2.76080701111770e-01
     6.74009999999763e+00     -1.19947286242874e-01     -1.45214881230857e-01
     6.75009999999761e+00     -1.75874379992876e-02     -7.16339647304315e-03
     6.76009999999758e+00      3.73829108569176e-02      1.81050920596043e-01
     6.77009999999756e+00      3.49060235337167e-03     -2.46401692913079e-01
     6.78009999999754e+00      6.59892640414605e-02      9.09857828938890e-02
     6.79009999999751e+00      3.57329928143545e-02      8.65862091132943e-02
     6.80009999999749e+00     -2.13271904726236e-02     -2.28078564176938e-01
     6.81009999999747e+00     -1.03576390440407e-02      1.93248997602187e-01
     6.82009999999744e+00     -1.07855626037223e-02     -8.45122310303900e-03
     6.83009999999742e+00     -3.57093854524385e-02     -1.32906298657855e-01
     6.84009999999740e+00      6.99446922677149e-03      2.92600637451716e-01
     6.85009999999737e+00     -9.71320339895330e-02     -1.07539639058362e-01
     6.86009999999735e+00     -3.25067342420962e-02     -3.73226575093258e-02
     6.87009999999733e+00      2.71668160926510e-02      2.17579523594590e-01
     6.88009999999730e+00      6.51430801911499e-03     -2.08385257616882e-01
     6.89009999999728e+00      4.36805238141281e-02      5.94729471690489e-02
     6.90009999999726e+00      3.74703067344110e-02      1.13875187119069e-01
     6.91009999999723e+00     -1.38845212112316e-02     -2.65572661626789e-01
     6.92009999999721e+00      1.23693975835589e-01      1.53898107924027e-01
     6.93009999999719e+00      1.59951062487740e-02      1.52437976542973e-02
     6.94009999999716e+00     -3.52283865079904e-02     -1.72375446060249e-01
     6.95009999999714e+00     -4.74212620772023e-03      2.56561643733611e-01
     6.96009999999712e+00     -7.98858751655157e-02     -7.89212816583925e-02
     6.97009999999709e+00     -4.30253468825308e-02     -7.26897304286576e-02
     6.98009999999707e+00      1.25394802484687e-02      2.43335818352596e-01
     6.99009999999705e+00      1.54333463594047e-03     -1.77332766423860e-01
     7.00009999999702e+00      9.10402979227890e-03      2.42838546273591e-02
     7.01009999999700e+00      3.05541528440016e-02      1.48036074816593e-01
     7.02009999999698e+00     -9.03427966589273e-03     -2.78564042730977e-01
     7.03009999999695e+00      1.06959506301675e-01      1.20355507255032e-01
     7.04009999999693e+00      3.59382071674189e-02      4.90207779201180e-02
     7.05009999999691e+00     -2.22757053786783e-02     -2.06744264603293e-01
     7.06009999999688e+00     -1.47130956244503e-03      2.18666172616046e-01
     7.07009999999686e+00     -4.49686990559738e-02     -4.94759304053504e-02
     7.08009999999684e+00     -3.71288834734005e-02     -1.12066578012966e-01
     7.09009999999681e+00      9.47119026796964e-03      2.68560204101030e-01
     7.10009999999679e+00      4.09172804648609e-03     -1.48425535159305e-01
     7.11009999999677e+00     -3.24832471822422e-02     -6.92989398711909e-03
     7.12009999999674e+00      2.34755987326102e-02      1.83024294686949e-01
     7.13009999999672e+00     -5.63652493586693e-03     -2.44677503753130e-01
     7.14009999999670e+00      8.41700061621630e-02      9.07038582089299e-02
     7.15009999999667e+00      3.97150937091731e-02      8.31416748850901e-02
     7.16009999999665e+00     -1.15398816960412e-02     -2.35078885695678e-01
     7.17009999999663e+00      3.17189119893332e-03      1.83021327481942e-01
     7.18009999999660e+00      3.11450479879836e-03     -2.10548993007369e-02
     7.19009999999658e+00     -2.27890908175588e-02     -1.46792746011843e-01
     7.20009999999656e+00      1.56919229812736e-02      2.78482909023165e-01
     7.21009999999653e+00     -1.12826940329316e-01     -1.21099719284591e-01
     7.22009999999651e+00     -3.55483475816661e-02     -4.99178498929176e-02
     7.23009999999649e+00      1.87775894935078e-02      2.05965649296443e-01
     7.24009999999647e+00     -5.42162813907432e-03     -2.19309749205555e-01
     7.25009999999644e+00      3.13287673709671e-02      4.87755413838475e-02
     7.26009999999642e+00      2.72819942712202e-02      1.10995329763094e-01
     7.27009999999640e+00     -1.83365803727276e-02     -2.70339605577530e-01
     7.28009999999637e+00     -1.05060030930521e-02      1.45664022626979e-01
     7.29009999999635e+00      3.66988263697832e-02      1.09775227827586e-02
     7.30009999999633e+00     -1.93097180904526e-02     -1.81779201564900e-01
     7.31009999999630e+00      1.39986845802654e-02      2.42022619609403e-01
     7.32009999999628e+00     -7.05198771396368e-02     -9.74013310235033e-02
     7.33009999999626e+00     -2.92807063098465e-02     -9.32060402489018e-02
     7.34009999999623e+00      1.95157170759830e-02      2.22843451741937e-01
     7.35009999999621e+00      5.76091383703110e-04     -1.96073326649094e-01
     7.36009999999619e+00     -2.09704006882431e-02      8.36938187079511e-03
     7.37009999999616e+00      1.64390316620990e-02      1.35256279150977e-01
     7.38009999999614e+00     -2.59828973627781e-02     -2.88582509887302e-01
     7.39009999999612e+00      9.84249476076377e-02      1.12267001685538e-01
     7.40009999999609e+00      2.34277432136710e-02      4.18594754439210e-02
     7.41009999999607e+00     -2.87642556956102e-02     -2.13880597097045e-01
     7.42009999999605e+00     -7.70267886955830e-04      2.10950674615173e-01
     7.43009999999602e+00     -1.78921673451638e-02     -5.79848957098313e-02
     7.44009999999600e+00     -2.44083955173059e-02     -1.21208944870998e-01
     7.45009999999598e+00      2.47741028601896e-02      2.59219667266218e-01
     7.46009999999595e+00     -1.34074483526735e-01     -1.57398482880847e-01
     7.47009999999593e+00     -2.84202097405658e-02     -2.29326829908702e-02
     7.48009999999591e+00      2.57562171896555e-02      1.70000844878269e-01
     7.49009999999588e+00     -1.08303388899578e-02     -2.53304119573804e-01
     7.50009999999586e+00      5.67812916189194e-02      8.68107163471374e-02
     7.51009999999584e+00      2.43633522989719e-02      8.33633299040682e-02
     7.52009999999581e+00     -2.77209663668340e-02     -2.31996162760260e-01
     7.53009999999579e+00     -1.05762692749083e-02      1.87481684911905e-01
     7.54009999999577e+00      1.32098641221631e-02     -1.65483569826244e-02
     7.55009999999574e+00     -2.50448726297055e-02     -1.43144534035031e-01
     7.56009999999572e+00      2.02885133046317e-02      2.80920275898447e-01
     7.57009999999570e+00     -8.79819702895309e-02     -1.19699285286826e-01
     7.58009999999567e+00     -2.16894568785577e-02     -4.89963016816782e-02
     7.59009999999565e+00      3.35243366213286e-02      2.07145851096782e-01
     7.60009999999563e+00      7.26251482818306e-03     -2.17162308090294e-01
     7.61009999999560e+00      2.30125163997176e-02      5.24061317279464e-02
     7.62009999999558e+00      2.97847059705433e-02      1.16342552419274e-01
     7.63009999999556e+00     -2.20073033623244e-02     -2.63333623655560e-01
     7.64009999999553e+00      1.23071858171171e-01      1.54038477981101e-01
     7.65009999999551e+00      2.44476729224285e-02      2.02984728235250e-02
     7.66009999999549e+00     -3.25533777022059e-02     -1.71953746802315e-01
     7.67009999999546e+00      2.41345052516323e-03      2.51985629761452e-01
     7.68009999999544e+00     -5.44337264422124e-02     -7.98181045649013e-02
     7.69009999999542e+00     -2.76398191668335e-02     -7.78001789595872e-02
     7.70009999999539e+00      2.75829037339483e-02      2.35113836875118e-01
     7.71009999999537e+00      1.32605999467894e-02     -1.86942120861633e-01
     7.72009999999535e+00     -3.36782661002623e-03      1.51244415094543e-02
     7.73009999999532e+00      3.06581688613451e-02      1.40836363448429e-01
     7.74009999999530e+00     -1.51823127362574e-02     -2.82906015553901e-01
     7.75009999999528e+00      8.44869898333524e-02      1.19065968846894e-01
     7.76009999999525e+00      2.24077413261565e-02      5.03611390429271e-02
     7.77009999999523e+00     -3.57350356163885e-02     -2.03602737241976e-01
     7.78009999999521e+00     -1.20655856653548e-02      2.22638275922994e-01
     7.79009999999518e+00     -3.42762805180511e-02     -4.55385527864860e-02
     7.80009999999516e+00     -3.73107776055513e-02     -1.08747429753305e-01
     7.81009999999514e+00      1.49677570673963e-02      2.71037988816720e-01
     7.82009999999511e+00     -1.21984034959104e-01     -1.46671012986288e-01
     7.83009999999509e+00     -2.48950317979225e-02     -1.34787837135829e-02
     7.84009999999507e+00      3.19636839179850e-02      1.78247221540832e-01
     7.85009999999504e+00     -6.39734433782186e-04     -2.46020182448955e-01
     7.86009999999502e+00      6.23707048146945e-02      8.57442339935778e-02
     7.87009999999500e+00      3.19807117989990e-02      8.39752415301487e-02
     7.88009999999497e+00     -2.42778390669200e-02     -2.36541697763185e-01
     7.89009999999495e+00     -1.34737051733715e-02      1.86750421592036e-01
     7.90009999999493e+00     -1.10396920860585e-02     -1.24760512844690e-02
     7.91009999999490e+00     -3.74128303762213e-02     -1.34673619310081e-01
     7.92009999999488e+00      6.63038858323634e-03      2.92337580576247e-01
     7.93009999999486e+00     -9.18274907155273e-02     -1.07311985382039e-01
     7.94009999999483e+00     -3.01348399195011e-02     -3.75930701648342e-02
     7.95009999999481e+00      3.03535483281686e-02      2.16073585972253e-01
     7.96009999999479e+00     -1.87002549946147e-01     -2.11485922683452e-01
     7.97009999999476e+00      4.51057212340387e-02      5.48133552337910e-02
     7.98009999999474e+00      4.11043272903534e-02      1.16082267061407e-01
     7.99009999999472e+00     -9.45853377520106e-03     -2.65294458619299e-01
     8.00009999999469e+00     -8.05254076277418e-03      1.51419383595522e-01
     8.01009999999467e+00      2.50150858594223e-02      1.78860806606091e-02
     8.02009999999465e+00     -2.90981773366017e-02     -1.73636181241428e-01
     8.03009999999462e+00      6.64396815664265e-04      2.51159848466043e-01
     8.04009999999460e+00     -7.41933739220282e-02     -8.00102480736080e-02
     8.05009999999458e+00     -3.74224494011817e-02     -7.78125399938421e-02
     8.06009999999455e+00      1.72580860897602e-02      2.42812376700048e-01
     8.07009999999453e+00      6.09681389368788e-03     -1.80749623845324e-01
     8.08009999999451e+00      8.55656400019138e-03      1.78653322336106e-02
     8.09009999999448e+00      3.38009140909196e-02      1.47304015976256e-01
     8.10009999999446e+00     -5.66288736289184e-03     -2.81772950420679e-01
     8.11009999999444e+00      1.07301593247965e-01      1.14382432996845e-01
     8.12009999999441e+00      3.78279247160099e-02      4.06930548703345e-02
     8.13009999999439e+00     -2.16491821241409e-02     -2.16537154527048e-01
     8.14009999999437e+00     -2.15640050264132e-03      2.08490869496415e-01
     8.15009999999434e+00     -4.97609271864276e-02     -5.90354499916214e-02
     8.16009999999432e+00     -3.96404318178452e-02     -1.20303627554801e-01
     8.17009999999430e+00      6.77450069113811e-03      2.61958949320511e-01
     8.18009999999427e+00      1.68563172416553e-03     -1.53464016650212e-01
     8.19009999999425e+00     -4.00163610513077e-02     -1.87162109281825e-02
     8.20009999999423e+00      1.91855476501936e-02      1.73572553756426e-01
     8.21009999999420e+00     -9.76717211911052e-03     -2.51101601097895e-01
     8.22009999999418e+00      7.64744588778572e-02      7.95370660480843e-02
     8.23009999999416e+00      3.39350519346557e-02      7.63013352873148e-02
     8.24009999999413e+00     -1.70689173244305e-02     -2.45628247373454e-01
     8.25009999999411e+00     -2.64085832351358e-03      1.76623651047957e-01
     8.26009999999409e+00      2.92141337045613e-03     -2.30878653259383e-02
     8.27009999999406e+00     -2.69992254929792e-02     -1.53274838214011e-01
     8.28009999999404e+00      1.18494649914906e-02      2.75437674606884e-01
     8.29009999999402e+00     -1.11109290781365e-01     -1.20751365492024e-01
     8.30009999999399e+00     -3.83096776738049e-02     -5.48789689296133e-02
     8.31009999999397e+00      1.59617620823015e-02      2.04138379440414e-01
     8.32009999999395e+00     -7.71421649507010e-03     -2.17869138379669e-01
     8.33009999999392e+00      3.40246860173663e-02      5.29579293936079e-02
     8.34009999999390e+00      2.73229978079739e-02      1.16973479809591e-01
     8.35009999999388e+00     -1.70272896890653e-02     -2.63640313159186e-01
     8.36009999999385e+00     -8.15629949388464e-03      1.52147362571125e-01
     8.37009999999383e+00      3.97487157050430e-02      1.66299949633012e-02
     8.38009999999381e+00     -1.61813806837703e-02     -1.77174294851741e-01
     8.39009999999378e+00      1.66447894951689e-02      2.45731711129181e-01
     8.40009999999376e+00     -6.35303548558273e-02     -8.64620998269928e-02
     8.41009999999374e+00     -2.45919256380759e-02     -8.42323049103051e-02
     8.42009999999371e+00      2.46236727350071e-02      2.37394182299642e-01
     8.43009999999369e+00      6.72614272878817e-03     -1.84488337861650e-01
     8.44009999999367e+00     -1.68995228625122e-02      1.60916569572730e-02
     8.45009999999365e+00      2.25609786163879e-02      1.47395951627530e-01
     8.46009999999362e+00     -1.98993334777363e-02     -2.80206114619647e-01
     8.47009999999360e+00      9.75005079330604e-02      1.16884679438708e-01
     8.48009999999358e+00      2.79523515134736e-02      5.15933693969244e-02
     8.49009999999355e+00     -2.47791949177081e-02     -2.07177051170647e-01
     8.50009999999353e+00      1.87960451878045e-03      2.14812669560619e-01
     8.51009999999351e+00     -1.40999888662236e-02     -4.83699626128579e-02
     8.52009999999348e+00     -2.13495197469795e-02     -1.14442484239718e-01
     8.53009999999346e+00      2.72380713827058e-02      2.63140423954381e-01
     8.54009999999344e+00     -1.36402568703118e-01     -1.55708266192565e-01
     8.55009999999341e+00     -2.82315458581504e-02     -2.25045001292923e-02
     8.56009999999339e+00      2.46606205564767e-02      1.70197244619834e-01
     8.57009999999337e+00     -1.29847644014027e-02     -2.52498734394289e-01
     8.58009999999334e+00      4.42193210540520e-02      8.10008174864070e-02
     8.59009999999332e+00      1.74781015146084e-02      8.07458384017269e-02
     8.60009999999330e+00     -3.56576659807212e-02     -2.38736704401623e-01
     8.61009999999327e+00      1.65209631566499e-01      1.85013518577088e-01
     8.62009999999325e+00      9.63298842470454e-03     -1.42742310702092e-02
     8.63009999999323e+00     -3.22198071588436e-02     -1.44973763061036e-01
     8.64009999999320e+00      1.44210255487325e-02      2.82611245427026e-01
     8.65009999999318e+00     -8.26187475201700e-02     -1.14923538212369e-01
     8.66009999999316e+00     -2.36976650177631e-02     -5.02480911998999e-02
     8.67009999999313e+00      3.26570754133458e-02      2.07979832214021e-01
     8.68009999999311e+00      7.69356695623866e-03     -2.14298301584286e-01
     8.69009999999309e+00      1.92491811763950e-02      4.89364796896840e-02
     8.70009999999306e+00      2.83367781155723e-02      1.15391379424182e-01
     8.71009999999304e+00     -2.39705035080272e-02     -2.61565950608865e-01
     8.72009999999302e+00      1.21575357179894e-01      1.58021763209045e-01
     8.73009999999299e+00      2.27166875375977e-02      2.55354467399568e-02
     8.74009999999297e+00     -3.35593054607345e-02     -1.66578992163174e-01
     8.75009999999295e+00      2.38644723573388e-03      2.56511798320659e-01
     8.76009999999292e+00     -5.06565095268322e-02     -7.67960528951325e-02
     8.77009999999290e+00     -2.58279525400755e-02     -7.65187161987740e-02
     8.78009999999288e+00      3.06423353406243e-02      2.42878857316478e-01
     8.79009999999285e+00     -1.53358305392479e-01     -1.80992984633601e-01
     8.80009999999283e+00      5.30369130014106e-03      1.81979284297871e-02
     8.81009999999281e+00      3.83828917532949e-02      1.48865160154575e-01
     8.82009999999278e+00     -6.68867721779569e-03     -2.78674664605315e-01
     8.83009999999276e+00      8.71144760796787e-02      1.18970921120594e-01
     8.84009999999274e+00      2.95378137843640e-02      5.44425474833246e-02
     8.85009999999271e+00     -2.98196584508526e-02     -2.03638863418540e-01
     8.86009999999269e+00      1.90517704686588e-01      2.18750777950623e-01
     8.87009999999267e+00     -3.43023341236935e-02     -4.44320475097395e-02
     8.88009999999264e+00     -3.56129181382684e-02     -1.10905329498803e-01
     8.89009999999262e+00      1.57070668995587e-02      2.73995998175085e-01
     8.90009999999260e+00     -1.18727092832446e-01     -1.46248820916866e-01
     8.91009999999257e+00     -2.18839516484040e-02     -1.61455746401434e-02
     8.92009999999255e+00      3.40437182182247e-02      1.72692480499146e-01
     8.93009999999253e+00      1.12496056031608e-03     -2.53688875515636e-01
     8.94009999999250e+00      6.10514844794516e-02      7.70298774533283e-02
     8.95009999999248e+00      3.21840341942295e-02      7.52836724286174e-02
     8.96009999999246e+00     -2.49613207456166e-02     -2.44381174434918e-01
     8.97009999999243e+00      1.49370412751907e-01      1.80213337265457e-01
     8.98009999999241e+00     -1.34822121880003e-02     -1.76663315173007e-02
     8.99009999999239e+00     -4.04503839291433e-02     -1.46897255387771e-01
     9.00009999999236e+00      1.88616445737660e-03      2.81796372814734e-01
     9.01009999999234e+00     -9.77492067581018e-02     -1.15246247400427e-01
     9.02009999999232e+00     -3.70698436823378e-02     -5.07589676181529e-02
     9.03009999999229e+00      2.27541923138883e-02      2.06708241838315e-01
     9.04009999999227e+00      3.20537967272599e-03     -2.16680120720805e-01
     9.05009999999225e+00      4.00255851392032e-02      4.53608433965054e-02
     9.06009999999222e+00      3.55117814352075e-02      1.10778413823655e-01
     9.07009999999220e+00     -1.32698215841238e-02     -2.74925315037421e-01
     9.08009999999218e+00      1.26865596440921e-01      1.44848954349539e-01
     9.09009999999215e+00      2.80159859567723e-02      1.45956799050175e-02
     9.10009999999213e+00     -3.04176936947105e-02     -1.82248024491295e-01
     9.11009999999211e+00     -1.08352492197873e-03      2.45308539281548e-01
     9.12009999999208e+00     -7.49035675383691e-02     -8.27177509326099e-02
     9.13009999999206e+00     -3.87392603627160e-02     -7.77050033136244e-02
     9.14009999999204e+00      1.65882834493172e-02      2.44902764031277e-01
     9.15009999999201e+00      6.26085759864714e-03     -1.77727178931125e-01
     9.16009999999199e+00      1.18641946387252e-02      2.08319885898850e-02
     9.17009999999197e+00      3.53782158240577e-02      1.49504339583030e-01
     9.18009999999194e+00     -3.75782464454771e-03     -2.80661670296883e-01
     9.19009999999192e+00      1.08799273850747e-01      1.14470490517236e-01
     9.20009999999190e+00      4.11841940238920e-02      4.81247516178803e-02
     9.21009999999187e+00     -1.69631185069024e-02     -2.10759398040504e-01
     9.22009999999185e+00      2.94042315966077e-03      2.11872017566709e-01
     9.23009999999183e+00     -3.97221853911800e-02     -5.02366426125103e-02
     9.24009999999180e+00     -3.24657870413529e-02     -1.15164046288869e-01
     9.25009999999178e+00      1.35090162896211e-02      2.71355744704314e-01
     9.26009999999176e+00      8.60506804303443e-03     -1.47537182545722e-01
     9.27009999999173e+00     -3.57617018786250e-02     -1.65614500394226e-02
     9.28009999999171e+00      2.36923656756035e-02      1.80702730975783e-01
     9.29009999999169e+00     -6.03566101735253e-03     -2.46779652256057e-01
     9.30009999999166e+00      7.31397802730525e-02      8.10207517976267e-02
     9.31009999999164e+00      3.59283219727927e-02      8.36359298576792e-02
     9.32009999999162e+00     -1.49085772694388e-02     -2.40827489059671e-01
     9.33009999999159e+00     -7.21689083906581e-04      1.78678307488144e-01
     9.34009999999157e+00      1.91071233934376e-03     -2.33192314692973e-02
     9.35009999999155e+00     -2.64629128163816e-02     -1.54892357853981e-01
     9.36009999999152e+00      1.15126272772311e-02      2.73483581819960e-01
     9.37009999999150e+00     -1.14329049585650e-01     -1.22113132179718e-01
     9.38009999999148e+00     -4.00714036672434e-02     -5.50325686974189e-02
     9.39009999999145e+00      1.39823262625209e-02      2.05410957225074e-01
     9.40009999999143e+00     -9.49009674991726e-03     -2.15327952045698e-01
     9.41009999999141e+00      2.60710415349056e-02      4.85325550580515e-02
     9.42009999999138e+00      2.28906074282735e-02      1.14720186219318e-01
     9.43009999999136e+00     -2.20877450952166e-02     -2.71201672384653e-01
     9.44009999999134e+00      1.41271251133097e-01      1.47641927662562e-01
     9.45009999999131e+00      3.30936767619474e-02      1.61321922347756e-02
     9.46009999999129e+00     -2.27545932446632e-02     -1.81905426981971e-01
     9.47009999999127e+00      1.01637569695826e-02      2.44820209252685e-01
     9.48009999999124e+00     -6.22293033687343e-02     -8.35141540186873e-02
     9.49009999999122e+00     -2.89155326881904e-02     -8.63225531393351e-02
     9.50009999999120e+00      2.11286481090548e-02      2.38307366214894e-01
     9.51009999999117e+00      4.83286628043748e-03     -1.80738315400264e-01
     9.52009999999115e+00     -1.98702821877918e-02      1.40067752151948e-02
     9.53009999999113e+00      2.04916106617008e-02      1.48012192947219e-01
     9.54009999999110e+00     -2.14420474562735e-02     -2.76867976493217e-01
     9.55009999999108e+00      9.97745417154190e-02      1.22337322339195e-01
     9.56009999999106e+00      2.81569609940854e-02      5.81780329034460e-02
     9.57009999999103e+00     -2.36541941641476e-02     -2.00525927810012e-01
     9.58009999999101e+00      3.75812602285413e-03      2.20638399126241e-01
     9.59009999999099e+00     -1.10979888087128e-02     -4.39185165908578e-02
     9.60009999999096e+00     -1.90271826537936e-02     -1.11512017492005e-01
     9.61009999999094e+00      2.96615829878854e-02      2.72791255983491e-01
     9.62009999999092e+00     -1.29524874573706e-01     -1.47432270240599e-01
     9.63009999999089e+00     -2.36668892517635e-02     -1.67529952643941e-02
     9.64009999999087e+00      3.01692494714776e-02      1.81128620714818e-01
     9.65009999999085e+00     -6.34492832022064e-03     -2.45133606376080e-01
     9.66009999999083e+00      4.79995355838413e-02      8.40944832955700e-02
     9.67009999999080e+00      2.41542377571943e-02      8.79719505681474e-02
     9.68009999999078e+00     -2.92602543054691e-02     -2.35663815674357e-01
     9.69009999999076e+00     -1.46611598596399e-02      1.84111958686407e-01
     9.70009999999073e+00      1.28687387938895e-02     -1.02632303212159e-02
     9.71009999999071e+00     -2.85983783483663e-02     -1.44257396261468e-01
     9.72009999999069e+00      1.64805794149463e-02      2.80356003101472e-01
     9.73009999999066e+00     -8.81703154013969e-02     -1.19267615796344e-01
     9.74009999999064e+00     -2.53992760517550e-02     -5.55434325347346e-02
     9.75009999999062e+00      2.94497752817988e-02      2.02819240709082e-01
     9.76009999999059e+00      3.71732406840935e-03     -2.18526969785729e-01
     9.77009999999057e+00      1.63415633361388e-02      4.60213868498629e-02
     9.78009999999055e+00      2.50794713907352e-02      1.13748357288358e-01
     9.79009999999052e+00     -2.63639204605217e-02     -2.70340303766185e-01
     9.80009999999050e+00      1.18282710845746e-01      1.50108016565685e-01
     9.81009999999048e+00      2.00296162633222e-02      1.96008857415610e-02
     9.82009999999045e+00     -3.66669215609447e-02     -1.78202972527283e-01
     9.83009999999043e+00     -1.76110246356381e-03      2.48027713014798e-01
     9.84009999999041e+00     -5.43499783765378e-02     -8.13307821730430e-02
     9.85009999999038e+00     -3.10792059714622e-02     -8.54087368967696e-02
     9.86009999999036e+00      2.48070049869101e-02      2.37993694186040e-01
     9.87009999999034e+00     -1.54939419319675e-01     -1.82012558432206e-01
     9.88009999999031e+00     -1.44964913715145e-03      1.21614188822297e-02
     9.89009999999029e+00      3.30592801460355e-02      1.45996572467349e-01
     9.90009999999027e+00     -1.04656459177055e-02     -2.78734491491515e-01
     9.91009999999024e+00      8.41058292894646e-02      1.13175931946581e-01
     9.92009999999022e+00      2.62823522144740e-02      5.14770732042599e-02
     9.93009999999020e+00     -3.15858017780505e-02     -2.03918204704773e-01
     9.94009999999017e+00      1.96637087992790e-01      2.20455051074478e-01
     9.95009999999015e+00     -2.69704325399603e-02     -4.17398436637607e-02
     9.96009999999013e+00     -3.22823303029299e-02     -1.08230514309996e-01
     9.97009999999010e+00      1.98635826490244e-02      2.75871292906842e-01
     9.98009999999008e+00     -1.15533336262309e-01     -1.45593810267825e-01
     9.99009999999006e+00     -2.15640778207360e-02     -1.67407698954360e-02
     1.00000999999900e+01      3.73114382061634e-02      1.79236756955984e-01
